3 0.5845703125 0.2568359375 0.008203125 0.029296875
2 0.7697265625 0.4218046875 0.016015625 0.0415546875
2 0.831640625 0.4783203125 0.01640625 0.041015625
2 0.5248046875 0.3771484375 0.012109375 0.041796875
1 0.846875 0.379296875 0.015625 0.04140625
2 0.6865234375 0.371875 0.016796875 0.0390625
2 0.5140625 0.330859375 0.0140625 0.03984375
2 0.671875 0.4123046875 0.0125 0.046484375
3 0.66875 0.4626953125 0.009375 0.051953125
2 0.4033203125 0.3681640625 0.012890625 0.053515625
2 0.784375 0.4404296875 0.0125 0.048046875
2 0.1412109375 0.4712890625 0.012109375 0.051953125
2 0.5241171875 0.485546875 0.016609375000000003 0.05546875
2 0.1708984375 0.4283203125 0.012109375 0.051953125
3 0.0630859375 0.8171875 0.016796875 0.084375
2 0.60625 0.4279296875 0.0140625 0.043359375
2 0.4943359375 0.42734375 0.016796875 0.05
2 0.21015625 0.4853515625 0.0109375 0.053515625
2 0.38984375 0.575 0.0140625 0.059375
2 0.415625 0.4697265625 0.0171875 0.053515625
2 0.2505859375 0.4720703125 0.015234375 0.053515625
2 0.1912109375 0.5900390625 0.015234375 0.067578125
0 0.8205078125 0.4990234375 0.005078125 0.008984375
2 0.83203125 0.469140625 0.0234375 0.04140625
4 0.6706875 0.2543203125 0.0054140625 0.027921875000000002
5 0.8086973208099055 0.36865548969065937 0.8158051848117285 0.3032385325899695 0.8945123524041438 0.34468502753989905 0.8858385083845322 0.41826058454209514
2 0.7712421875000001 0.3964609375 0.017703125 0.036359375