3 0.4158203125 0.2568359375 0.008203125 0.029296875
2 0.2298828125 0.42190625 0.016015625 0.04134375
2 0.169140625 0.4783203125 0.01640625 0.041015625
2 0.4755859375 0.3771484375 0.012109375 0.041796875
1 0.153125 0.379296875 0.015625 0.04140625
2 0.3138671875 0.371875 0.016796875 0.0390625
2 0.48671875 0.330859375 0.0140625 0.03984375
2 0.328125 0.4123046875 0.0125 0.046484375
3 0.33203125 0.4626953125 0.009375 0.051953125
2 0.5962890625 0.3681640625 0.012890625 0.053515625
2 0.215625 0.4404296875 0.0125 0.048046875
2 0.8591796875 0.4712890625 0.012109375 0.051953125
2 0.477453125 0.485546875 0.0189765625 0.05546875
2 0.8294921875 0.4283203125 0.012109375 0.051953125
3 0.9373046875 0.8171875 0.016796875 0.084375
2 0.39453125 0.4279296875 0.0140625 0.043359375
2 0.5060546875 0.42734375 0.016796875 0.05
2 0.790625 0.4853515625 0.0109375 0.053515625
2 0.61015625 0.575 0.0140625 0.059375
2 0.58515625 0.4697265625 0.0171875 0.053515625
2 0.7498046875 0.4720703125 0.015234375 0.053515625
2 0.8083984375 0.5900390625 0.015234375 0.067578125
0 0.1791015625 0.4990234375 0.005078125 0.008984375
2 0.16875 0.469140625 0.0234375 0.04140625
4 0.3294453125 0.255515625 0.007828125 0.0304609375
5 0.12271679076967232 0.41363412082529993 0.11059620614121321 0.3388818643657308 0.17766353561314546 0.3000915104225431 0.18574393564021152 0.3703990442852131
2 0.2312890625 0.3983203125 0.01171875 0.039468750000000004