2 0.7560546875 0.4533203125 0.007421875 0.037890625
2 0.1357421875 0.70703125 0.016796875 0.0359375
2 0.8455078125 0.540625 0.020703125 0.025
2 0.7671875 0.4353515625 0.00625 0.037890625
2 0.7359375 0.4666015625 0.009375 0.042578125
2 0.75 0.51953125 0.009375 0.040625
3 0.6615234375 0.4875 0.012109375 0.040625
2 0.6041015625 0.520703125 0.009765625 0.04921875
2 0.20703125 0.541015625 0.009375 0.04453125
2 0.6275390625 0.5076171875 0.009765625 0.043359375
2 0.22265625 0.567578125 0.009375 0.05078125
2 0.1712890625 0.542578125 0.009765625 0.04921875
2 0.390625 0.44140625 0.009375 0.034375
2 0.16328125 0.6875 0.0171875 0.065625
2 0.520546875 0.5541406249999999 0.010546875 0.048046875
2 0.3341796875 0.6978515625 0.016796875 0.058203125
2 0.948828125 0.562109375 0.01328125 0.03984375
0 0.65078125 0.3986328125 0.0046875 0.009765625
2 0.7314453125 0.4373046875 0.008203125 0.033984375
2 0.7650390625 0.453125 0.008203125 0.04375
1 0.7470703125 0.440625 0.012890625 0.028125
2 0.5921875 0.4451171875 0.0109375 0.035546875
2 0.5310546875 0.5548828125 0.012109375 0.051953125
3 0.5943359375 0.3439453125 0.007421875 0.031640625
4 0.6101093750000001 0.3482734375 0.0049296875 0.02165625
5 0.8132694104921914 0.4859991732130527 0.8160377259393228 0.4332343353061163 0.7650029380585298 0.40420141298829587 0.7589988471630474 0.45205568110530503