2 0.8060546875 0.5484375 0.013671875 0.040625
2 0.7966796875 0.546875 0.016796875 0.0390625
2 0.7333984375 0.5017578125 0.015234375 0.042578125
2 0.63203125 0.44765625 0.0078125 0.034375
1 0.8103515625 0.45703125 0.016015625 0.034375
2 0.6478515625 0.4279296875 0.008203125 0.037109375
3 0.5890625 0.4822265625 0.015625 0.037890625
2 0.70859375 0.4734375 0.0109375 0.0359375
2 0.53046875 0.54453125 0.0109375 0.0453125
2 0.5556640625 0.487109375 0.008203125 0.03984375
2 0.31015625 0.448828125 0.0078125 0.03984375
2 0.67265625 0.5138671875 0.0171875 0.046484375
2 0.16666406250000002 0.542640625 0.011328125 0.04921875
2 0.5662109375 0.555078125 0.013671875 0.04921875
2 0.6981796874999999 0.5674609375 0.016796875 0.04921875
2 0.4328125 0.589453125 0.009375 0.05078125
2 0.09765625 0.69609375 0.0109375 0.0640625
2 0.1765625 0.574609375 0.0125 0.05078125
2 0.12890625 0.551953125 0.0109375 0.04921875
2 0.2630859375 0.7087890625 0.015234375 0.056640625
2 0.4046875 0.599609375 0.0140625 0.05078125
2 0.1091796875 0.7138671875 0.021484375 0.066796875
3 0.5296875 0.3388671875 0.0078125 0.023046875
4 0.626359375 0.330703125 0.0059140625 0.0242265625
5 0.8323434131839436 0.4721875592039244 0.8353020136817241 0.41806738931167564 0.7772938769726521 0.38705511444867824 0.7747258016073648 0.4367773118150787
0 0.8088671875 0.5616953125 0.0094375 0.0093203125