2 0.48671875 0.2849609375 0.0125 0.052734375
2 0.8197265625 0.278515625 0.009765625 0.04921875
2 0.6025390625 0.1869140625 0.009765625 0.037890625
2 0.3431640625 0.2498046875 0.009765625 0.048046875
2 0.3591796875 0.4267578125 0.013671875 0.058203125
2 0.4955078125 0.2955078125 0.022265625 0.037890625
1 0.06953125 0.302734375 0.015625 0.04921875
2 0.7908203125 0.251953125 0.009765625 0.04921875
2 0.2666015625 0.316015625 0.011328125 0.05078125
2 0.3869140625 0.3251953125 0.012890625 0.051953125
2 0.3654296875 0.37578125 0.016796875 0.05
2 0.5646484375 0.4421875 0.013671875 0.0703125
2 0.8310546875 0.297265625 0.012109375 0.04921875
2 0.2455078125 0.6208984375 0.028515625 0.071484375
3 0.490625 0.401171875 0.015625 0.05546875
2 0.5833984375 0.359375 0.012109375 0.0546875
3 0.8669921875 0.8716796875 0.035546875 0.096484375
2 0.4080078125 0.525 0.023828125 0.065625
2 0.3083984375 0.4455078125 0.024609375 0.062890625
2 0.375 0.6080078125 0.0375 0.072265625
2 0.8021484375 0.4716796875 0.018359375 0.071484375
2 0.7671875 0.4935546875 0.01875 0.066796875
3 0.4587890625 0.1302734375 0.009765625 0.033984375
0 0.4654296875 0.316796875 0.005859375 0.01171875
2 0.4869140625 0.295703125 0.011328125 0.04296875
4 0.29140625 0.12450000000000001 0.004828125 0.0244765625
5 0.051915029355466456 0.30677781081216254 0.044168317281778724 0.22921245033553345 0.11926565753439759 0.1861601115076094 0.12586416338680473 0.2534097614171674