2 0.3939453125 0.391796875 0.005078125 0.02578125
2 0.2201171875 0.497265625 0.013671875 0.04453125
1 0.14296875 0.4904296875 0.0109375 0.041796875
2 0.6623046875 0.4224609375 0.007421875 0.032421875
2 0.26796875 0.4421875 0.0078125 0.0359375
2 0.6337890625 0.4212890625 0.006640625 0.033203125
2 0.5046875 0.4921875 0.0078125 0.0390625
2 0.5005859375 0.5650390625 0.008984375 0.047265625
2 0.7 0.5576171875 0.009375 0.048046875
2 0.0646484375 0.599609375 0.010546875 0.05078125
3 0.4845703125 0.5142578125 0.009765625 0.042578125
2 0.28984375 0.5212890625 0.0109375 0.042578125
2 0.4431640625 0.6080078125 0.008203125 0.047265625
2 0.39375 0.431640625 0.0078125 0.03515625
2 0.3546875 0.6140625 0.009375 0.05
2 0.46171875 0.46484375 0.00625 0.0390625
2 0.4701171875 0.567578125 0.013671875 0.04921875
2 0.6806640625 0.469921875 0.008203125 0.03984375
2 0.2421875 0.6029296875 0.0109375 0.048046875
2 0.1697265625 0.7796875 0.020703125 0.065625
2 0.4919921875 0.7193359375 0.013671875 0.062109375
3 0.76015625 0.950390625 0.025 0.08046875
0 0.1462890625 0.50859375 0.003515625 0.00625
2 0.223046875 0.47578125 0.01171875 0.0375
3 0.319921875 0.3677734375 0.00859375 0.023046875
5 0.0224710975244026 0.5208589455632004 0.017601369419563345 0.46144671795146025 0.07984206789649631 0.4262116368892067 0.08287819952951744 0.4772417586848457
4 0.22142187500000002 0.366 0.007484375 0.0197265625