2 0.2185546875 0.380078125 0.021484375 0.05390625
2 0.6302734375 0.1716796875 0.008984375 0.037109375
1 0.0732421875 0.3185546875 0.010546875 0.048046875
2 0.38165625 0.24571874999999999 0.010546875 0.048046875
2 0.2541015625 0.42109375 0.014453125 0.0546875
3 0.4814453125 0.3884765625 0.009765625 0.056640625
3 0.9140625 0.9009765625 0.025 0.103515625
2 0.4279296875 0.2494140625 0.010546875 0.042578125
2 0.1078125 0.6115234375 0.01875 0.073046875
2 0.84296875 0.3126953125 0.0109375 0.053515625
2 0.8931640625 0.3677734375 0.009765625 0.062109375
2 0.4880859375 0.2896484375 0.015234375 0.048046875
2 0.1947265625 0.325 0.016015625 0.05
2 0.221875 0.4177734375 0.0203125 0.052734375
2 0.2447265625 0.437890625 0.014453125 0.06015625
2 0.8732421875 0.2740234375 0.010546875 0.048046875
2 0.6298828125 0.3978515625 0.016015625 0.058203125
2 0.3955078125 0.5642578125 0.014453125 0.067578125
2 0.1904296875 0.5896484375 0.026171875 0.066796875
2 0.7859375 0.55703125 0.015625 0.0796875
2 0.6583984375 0.36875 0.010546875 0.0609375
2 0.7271484375 0.54140625 0.018359375 0.075
2 0.46328125 0.5267578125 0.0234375 0.062890625
3 0.4921875 0.12890625 0.009375 0.03125
0 0.249609375 0.3974609375 0.00546875 0.008984375
5 0.19290865384615383 0.17908653846153846 0.19951923076923078 0.23737980769230765 0.1346153846153846 0.2854567307692307 0.12740384615384615 0.21334134615384617
4 0.3650859375 0.118390625 0.012617187499999998 0.027640625000000002