2 0.64921875 0.3080078125 0.0078125 0.026953125
1 0.145703125 0.4248046875 0.01484375 0.040234375
2 0.3689453125 0.36640625 0.008203125 0.0359375
2 0.70703125 0.4421875 0.008203125 0.040625
2 0.747265625 0.375390625 0.007421875 0.037109375
2 0.7384765625 0.43046875 0.009765625 0.040625
2 0.1111328125 0.6029296875 0.022265625 0.052734375
2 0.3298828125 0.740234375 0.012890625 0.06484375
2 0.4255859375 0.369921875 0.008984375 0.03515625
3 0.6126953125 0.4728515625 0.009765625 0.047265625
2 0.290625 0.483984375 0.0125 0.04921875
2 0.1865234375 0.6169921875 0.018359375 0.048046875
2 0.2421875 0.4849609375 0.009375 0.046484375
2 0.4970703125 0.408984375 0.008203125 0.03984375
2 0.65703125 0.43672656249999997 0.0140625 0.03984375
2 0.3966796875 0.51796875 0.021484375 0.0453125
2 0.75234375 0.4642578125 0.0140625 0.047265625
2 0.6607421875 0.64140625 0.013671875 0.0640625
2 0.7279296875 0.6484375 0.016796875 0.065625
2 0.6095703125 0.5798828125 0.014453125 0.058203125
2 0.41796875 0.5185546875 0.015625 0.048046875
2 0.3537109375 0.71484375 0.019921875 0.065625
3 0.7990234375 0.8583984375 0.024609375 0.077734375
3 0.4400390625 0.2744140625 0.008203125 0.025390625
0 0.096484375 0.619140625 0.00546875 0.01015625
4 0.32075 0.2651484375 0.0087890625 0.025289062499999997
5 0.13857893849027142 0.40428870201183864 0.13361970863290504 0.3486370608645103 0.18449185375548477 0.32205846462066334 0.19099219203500697 0.37097442307587963