2 0.7818359375 0.380078125 0.021484375 0.05390625
2 0.3693359375 0.1716796875 0.008984375 0.037109375
1 0.9271484375 0.3185546875 0.010546875 0.048046875
2 0.6193359375 0.2451171875 0.010546875 0.048046875
2 0.7455078125 0.42109375 0.014453125 0.0546875
3 0.5181640625 0.3884765625 0.009765625 0.056640625
3 0.08671875 0.9009765625 0.025 0.103515625
2 0.5724609375 0.2494140625 0.010546875 0.042578125
2 0.8921875 0.6115234375 0.01875 0.073046875
2 0.15703125 0.3126953125 0.0109375 0.053515625
2 0.1064453125 0.3677734375 0.009765625 0.062109375
2 0.5123046875 0.2896484375 0.015234375 0.048046875
2 0.8048828125 0.325 0.016015625 0.05
2 0.77890625 0.4177734375 0.0203125 0.052734375
2 0.7548828125 0.437890625 0.014453125 0.06015625
2 0.1271484375 0.2740234375 0.010546875 0.048046875
2 0.3697265625 0.3978515625 0.016015625 0.058203125
2 0.6041015625 0.5642578125 0.014453125 0.067578125
2 0.8091796875 0.5896484375 0.026171875 0.066796875
2 0.21484375 0.55703125 0.015625 0.0796875
2 0.3419921875 0.36875 0.010546875 0.0609375
2 0.2724609375 0.54140625 0.018359375 0.075
2 0.53671875 0.5267578125 0.0234375 0.062890625
3 0.50859375 0.12890625 0.009375 0.03125
0 0.751171875 0.3974609375 0.00546875 0.008984375
5 0.8749999999999998 0.21614583333333331 0.8671875 0.29036458333333337 0.7903645833333334 0.23828125 0.8059895833333334 0.17578124999999997
4 0.634375 0.123828125 0.00625 0.02890625