2 0.3515625 0.3080078125 0.0078125 0.026953125
1 0.855078125 0.4248046875 0.01484375 0.040234375
2 0.6314453125 0.36640625 0.008203125 0.0359375
2 0.2931640625 0.4421875 0.008203125 0.040625
2 0.2529296875 0.3748046875 0.007421875 0.037109375
2 0.2611328125 0.43046875 0.009765625 0.040625
2 0.8884765625 0.6029296875 0.022265625 0.052734375
2 0.6697265625 0.740234375 0.012890625 0.06484375
2 0.5740234375 0.369921875 0.008984375 0.03515625
3 0.3869140625 0.4728515625 0.009765625 0.047265625
2 0.709375 0.483984375 0.0125 0.04921875
2 0.8130859375 0.6169921875 0.018359375 0.048046875
2 0.7578125 0.4849609375 0.009375 0.046484375
2 0.5025390625 0.408984375 0.008203125 0.03984375
2 0.3443515625 0.437890625 0.0140625 0.03984375
2 0.6037109375 0.51796875 0.021484375 0.0453125
2 0.2484375 0.4642578125 0.0140625 0.047265625
2 0.33946875 0.64140625 0.013671875 0.0640625
2 0.2724609375 0.6484375 0.016796875 0.065625
2 0.3908203125 0.5798828125 0.014453125 0.058203125
2 0.5828125 0.5185546875 0.015625 0.048046875
2 0.64728125 0.71484375 0.019921875 0.065625
3 0.2013671875 0.8583984375 0.024609375 0.077734375
3 0.5603515625 0.2744140625 0.008203125 0.025390625
0 0.903515625 0.619140625 0.00546875 0.01015625
4 0.6805859375 0.2689296875 0.011421875 0.02103125
5 0.8072916666666666 0.3706597222222222 0.8116319444444443 0.3203125 0.8680555555555557 0.35416666666666663 0.8645833333333334 0.40885416666666663