3 0.376171875 0.56953125 0.01015625 0.040625
2 0.2837890625 0.46171875 0.008203125 0.0359375
2 0.6478515625 0.4306640625 0.006640625 0.033203125
2 0.3681640625 0.6064453125 0.009765625 0.051953125
2 0.38203125 0.408203125 0.00625 0.03046875
1 0.140625 0.500390625 0.009375 0.03984375
2 0.2779296875 0.47734375 0.008984375 0.040625
2 0.3109375 0.6501953125 0.0203125 0.051953125
2 0.1634765625 0.5125 0.008203125 0.040625
2 0.6841796875 0.4826171875 0.008984375 0.043359375
2 0.4328125 0.5056640625 0.009375 0.042578125
2 0.0796875 0.5966796875 0.009375 0.052734375
2 0.6044921875 0.432421875 0.008984375 0.03515625
2 0.3935546875 0.46796875 0.008984375 0.040625
2 0.49889062500000003 0.5201796875 0.008984375 0.040625
2 0.3873046875 0.590625 0.016796875 0.05
2 0.1875 0.740234375 0.0140625 0.06484375
2 0.6736328125 0.5978515625 0.011328125 0.051953125
2 0.3111328125 0.549609375 0.009765625 0.04453125
2 0.2369140625 0.6260390625000001 0.012890625 0.05078125
3 0.72265625 0.9455078125 0.0234375 0.078515625
2 0.4537109375 0.5923828125 0.012109375 0.053515625
2 0.4587890625 0.7171875 0.020703125 0.0609375
0 0.15078125 0.5126953125 0.0046875 0.008203125
3 0.3203125 0.3650390625 0.00625 0.028515625
4 0.2239609375 0.366859375 0.0104140625 0.029296875
5 0.022786458333333325 0.5234374999999999 0.016276041666666692 0.4622395833333333 0.07942708333333334 0.423828125 0.08658854166666666 0.4791666666666667