2 0.3224609375 0.4625 0.008984375 0.0390625
2 0.1390625 0.5658203125 0.0078125 0.042578125
2 0.1396484375 0.524609375 0.008984375 0.03984375
2 0.37578125 0.426171875 0.0078125 0.03515625
1 0.0970703125 0.5263671875 0.011328125 0.043359375
2 0.3546875 0.6134765625 0.0203125 0.028515625
2 0.2859375 0.46796875 0.009375 0.0390625
2 0.2845703125 0.561328125 0.009765625 0.04453125
2 0.6400390625 0.4375 0.008203125 0.0359375
2 0.4236328125 0.533203125 0.011328125 0.04453125
2 0.3076171875 0.59140625 0.012109375 0.0453125
2 0.6716796875 0.4814453125 0.008984375 0.042578125
2 0.1802734375 0.690625 0.012109375 0.0546875
2 0.5783203125 0.4375 0.011328125 0.0359375
2 0.26640625 0.6619140625 0.0140625 0.051953125
3 0.2974609375 0.610546875 0.012109375 0.05078125
2 0.6548828125 0.6287109375 0.011328125 0.057421875
2 0.5021484375 0.5380859375 0.008984375 0.046484375
2 0.3732421875 0.5244140625 0.010546875 0.047265625
2 0.3837890625 0.6169921875 0.012890625 0.052734375
2 0.1888671875 0.637109375 0.013671875 0.04921875
2 0.3111328125 0.715234375 0.016015625 0.05546875
3 0.7087890625 0.92890625 0.019140625 0.0796875
3 0.3369140625 0.3576171875 0.006640625 0.029296875
0 0.1177734375 0.542578125 0.005859375 0.01171875
4 0.23253906249999998 0.3561640625 0.0078828125 0.0246015625
5 0.032685099140131756 0.5085988863546452 0.02863672182233986 0.4491688592450479 0.08763093078971458 0.41499884771033413 0.09353033155084657 0.4674964037764898