2 0.6501953125 0.372265625 0.009765625 0.03515625
2 0.3037109375 0.4015625 0.008984375 0.0359375
1 0.8115234375 0.3619140625 0.008984375 0.033203125
2 0.34453125 0.3271484375 0.0078125 0.032421875
2 0.2525390625 0.4115234375 0.009765625 0.041796875
2 0.7935546875 0.371875 0.010546875 0.034375
2 0.2595703125 0.4451171875 0.009765625 0.046484375
2 0.5021484375 0.4009765625 0.008984375 0.033203125
2 0.3986328125 0.3681640625 0.006640625 0.033203125
2 0.6423828125 0.3716796875 0.008203125 0.037109375
2 0.48164843749999997 0.4708984375 0.011328125 0.043359375
2 0.6833984375 0.4515625 0.008984375 0.0453125
2 0.5335234375 0.7452421874999999 0.0140625 0.0703125
3 0.50546875 0.4314453125 0.0109375 0.042578125
2 0.3818359375 0.478515625 0.010546875 0.04453125
2 0.2857421875 0.365625 0.010546875 0.0359375
2 0.4720703125 0.4048828125 0.011328125 0.037890625
2 0.8439453125 0.5701171875 0.014453125 0.057421875
2 0.2361328125 0.4998046875 0.012890625 0.052734375
2 0.7841796875 0.5828125 0.012109375 0.0546875
2 0.2810546875 0.61328125 0.013671875 0.059375
2 0.3482421875 0.653125 0.016796875 0.0640625
0 0.728125 0.313671875 0.0078125 0.01328125
3 0.246484375 0.3162109375 0.00859375 0.032421875
5 0.9367011221826751 0.41195661909745 0.9414215952919124 0.351979767022255 0.8791879359442237 0.3206148097936957 0.873572887724676 0.37445020866250617
4 0.7238828125000001 0.27242968749999996 0.0052499999999999995 0.02296875