3 0.3796875 0.2251953125 0.00625 0.028515625
2 0.6447265625 0.2509765625 0.008203125 0.033203125
2 0.65078125 0.3583984375 0.0109375 0.037109375
0 0.23046875 0.6796875 0.00625 0.0109375
2 0.7404296875 0.4021484375 0.010546875 0.046484375
2 0.3494140625 0.7885546875 0.031640625 0.08046875
3 0.6482421875 0.391015625 0.010546875 0.04453125
2 0.7978515625 0.3639453125 0.009765625 0.0453125
2 0.7755859375 0.3119140625 0.010546875 0.042578125
2 0.3150390625 0.3193359375 0.008203125 0.041796875
3 0.98828125 0.96171875 0.0234375 0.075
1 0.11796875 0.3634765625 0.0140625 0.047265625
2 0.1556640625 0.447265625 0.011328125 0.05078125
2 0.5005859375 0.3349609375 0.008984375 0.043359375
2 0.540625 0.725 0.03125 0.075
2 0.4111328125 0.3208984375 0.009765625 0.043359375
2 0.1958984375 0.6248046875 0.024609375 0.062109375
2 0.2693359375 0.6046875 0.018359375 0.059375
2 0.6720703125 0.480078125 0.011328125 0.05078125
2 0.4263671875 0.458984375 0.010546875 0.05078125
2 0.23046875 0.43515625 0.0125 0.0546875
2 0.77890625 0.5826171875 0.01875 0.062109375
2 0.8169921875 0.4123046875 0.013671875 0.052734375
2 0.8842890625000001 0.56328125 0.012890625 0.0609375
2 0.4478515625 0.453515625 0.011328125 0.04921875
4 0.2430078125 0.21912500000000001 0.00990625 0.028273437499999998
5 0.0096045169628463 0.3901431335815432 0.00255399740509491 0.3291491077466923 0.06845297278030735 0.2909431709596022 0.07395577908652266 0.34783120244663196