3 0.376171875 0.56953125 0.01015625 0.040625
2 0.2837890625 0.46171875 0.008203125 0.0359375
2 0.6478515625 0.4306640625 0.006640625 0.033203125
2 0.3681640625 0.6064453125 0.009765625 0.051953125
2 0.38203125 0.408203125 0.00625 0.03046875
1 0.140625 0.500390625 0.009375 0.03984375
2 0.2779296875 0.47734375 0.008984375 0.040625
2 0.3109375 0.6501953125 0.0203125 0.051953125
2 0.1634765625 0.5125 0.008203125 0.040625
2 0.6841796875 0.4826171875 0.008984375 0.043359375
2 0.4328125 0.5056640625 0.009375 0.042578125
2 0.0796875 0.5966796875 0.009375 0.052734375
2 0.6044921875 0.432421875 0.008984375 0.03515625
2 0.3935546875 0.46796875 0.008984375 0.040625
2 0.4982421875 0.51953125 0.008984375 0.040625
2 0.3873046875 0.590625 0.016796875 0.05
2 0.1875 0.740234375 0.0140625 0.06484375
2 0.6736328125 0.5978515625 0.011328125 0.051953125
2 0.3111328125 0.549609375 0.009765625 0.04453125
2 0.2369140625 0.625390625 0.012890625 0.05078125
3 0.72265625 0.9455078125 0.0234375 0.078515625
2 0.4537109375 0.5923828125 0.012109375 0.053515625
2 0.4587890625 0.7171875 0.020703125 0.0609375
0 0.15078125 0.5126953125 0.0046875 0.008203125
3 0.3203125 0.3650390625 0.00625 0.028515625
4 0.22321093749999998 0.36328125 0.0089296875 0.025671875
5 0.0267857142857143 0.5290178571428573 0.01785714285714286 0.4508928571428571 0.07924107142857144 0.4196428571428571 0.0892857142857143 0.48883928571428575