2 0.6994140625 0.51875 0.008203125 0.0390625
2 0.4935546875 0.4345703125 0.007421875 0.028515625
1 0.1876953125 0.5068359375 0.009765625 0.041796875
2 0.6609375 0.4677734375 0.00625 0.027734375
2 0.5876953125 0.521875 0.008203125 0.0390625
2 0.28203125 0.66953125 0.0125 0.05
2 0.7365234375 0.5775390625 0.008984375 0.042578125
2 0.4376953125 0.525 0.008203125 0.0359375
2 0.49140625 0.6193359375 0.009375 0.048046875
2 0.5912109375 0.5767578125 0.008984375 0.042578125
2 0.5380859375 0.676953125 0.012109375 0.04921875
2 0.7595703125 0.6767578125 0.008203125 0.051953125
3 0.5640625 0.5857421875 0.009375 0.041796875
2 0.67421875 0.5069609374999999 0.0078125 0.037109375
3 0.0767578125 0.8501953125 0.019140625 0.062890625
2 0.7126953125 0.5818359375 0.009765625 0.046484375
2 0.4771484375 0.5244140625 0.013671875 0.033203125
2 0.2427734375 0.595703125 0.008984375 0.04453125
2 0.4169921875 0.7275390625 0.018359375 0.058203125
2 0.6857421875 0.6158203125 0.010546875 0.047265625
2 0.72109375 0.7642578125 0.0171875 0.056640625
2 0.8740234375 0.8140625 0.018359375 0.059375
2 0.5696171875 0.8860234374999999 0.017578125 0.067578125
0 0.2875 0.6826171875 0.0046875 0.008984375
3 0.6568359375 0.4056640625 0.007421875 0.026953125
4 0.9166796875 0.4198359375 0.011359375 0.0256796875
4 0.165421875 0.388140625 0.011078125 0.027765625
5 0.03001464783178871 0.49225414292927816 0.023807407089897 0.44676550138133664 0 0.4612038758631873 0.001461338051212535 0.5132130731988894