2 0.5140625 0.2849609375 0.0125 0.052734375
2 0.1806640625 0.278515625 0.009765625 0.04921875
2 0.3978515625 0.1869140625 0.009765625 0.037890625
2 0.6564453125 0.2498046875 0.009765625 0.048046875
2 0.6412109375 0.4267578125 0.013671875 0.058203125
2 0.5048828125 0.2955078125 0.022265625 0.037890625
1 0.93125 0.302734375 0.015625 0.04921875
2 0.2087890625 0.251953125 0.009765625 0.04921875
2 0.7330078125 0.316015625 0.011328125 0.05078125
2 0.6134765625 0.3251953125 0.012890625 0.051953125
2 0.6349609375 0.37578125 0.016796875 0.05
2 0.4357421875 0.4421875 0.013671875 0.0703125
2 0.1693359375 0.297265625 0.012109375 0.04921875
2 0.7541015625 0.6208984375 0.028515625 0.071484375
3 0.509375 0.401171875 0.015625 0.05546875
2 0.4162109375 0.359375 0.012109375 0.0546875
3 0.1326171875 0.8716796875 0.035546875 0.096484375
2 0.5916015625 0.525 0.023828125 0.065625
2 0.6912109375 0.4455078125 0.024609375 0.062890625
2 0.625 0.6080078125 0.0375 0.072265625
2 0.1982421875 0.4716796875 0.018359375 0.071484375
2 0.23359375 0.4935546875 0.01875 0.066796875
3 0.5416015625 0.1302734375 0.009765625 0.033984375
0 0.5349609375 0.316796875 0.005859375 0.01171875
2 0.5126953125 0.295703125 0.011328125 0.04296875
4 0.7093125 0.1243671875 0.0042265625 0.023804687499999998
5 0.8743757024382772 0.2519365264689618 0.8822570163462261 0.1861370301375803 0.9579863085205439 0.2258908961812902 0.9477063133979655 0.3012861568882392