2 0.6501953125 0.372265625 0.009765625 0.03515625
2 0.3037109375 0.4015625 0.008984375 0.0359375
1 0.8115234375 0.3619140625 0.008984375 0.033203125
2 0.34453125 0.3271484375 0.0078125 0.032421875
2 0.2525390625 0.4115234375 0.009765625 0.041796875
2 0.7935546875 0.371875 0.010546875 0.034375
2 0.2595703125 0.4451171875 0.009765625 0.046484375
2 0.5021484375 0.4009765625 0.008984375 0.033203125
2 0.3986328125 0.3681640625 0.006640625 0.033203125
2 0.6423828125 0.3716796875 0.008203125 0.037109375
2 0.4837890625 0.4708984375 0.011328125 0.043359375
2 0.6833984375 0.4515625 0.008984375 0.0453125
2 0.5328125 0.74453125 0.0140625 0.0703125
3 0.50546875 0.4314453125 0.0109375 0.042578125
2 0.3818359375 0.478515625 0.010546875 0.04453125
2 0.2857421875 0.365625 0.010546875 0.0359375
2 0.4720703125 0.4048828125 0.011328125 0.037890625
2 0.8439453125 0.5701171875 0.014453125 0.057421875
2 0.2361328125 0.4998046875 0.012890625 0.052734375
2 0.7841796875 0.5828125 0.012109375 0.0546875
2 0.2810546875 0.61328125 0.013671875 0.059375
2 0.3482421875 0.653125 0.016796875 0.0640625
0 0.728125 0.313671875 0.0078125 0.01328125
3 0.246484375 0.3162109375 0.00859375 0.032421875
5 0.9347426470588236 0.4154411764705882 0.9397977941176471 0.35431985294117646 0.8777573529411764 0.3216911764705882 0.8713235294117648 0.38005514705882354
4 0.7251875 0.2736640625 0.005515625 0.0271171875