3 0.624609375 0.56953125 0.01015625 0.040625
2 0.7158203125 0.46171875 0.008203125 0.0359375
2 0.3517578125 0.4306640625 0.006640625 0.033203125
2 0.6322265625 0.6064453125 0.009765625 0.051953125
2 0.61875 0.408203125 0.00625 0.03046875
1 0.86015625 0.500390625 0.009375 0.03984375
2 0.7224609375 0.47734375 0.008984375 0.040625
2 0.68984375 0.6501953125 0.0203125 0.051953125
2 0.8387343749999999 0.5125 0.008203125 0.040625
2 0.3162109375 0.4826171875 0.008984375 0.043359375
2 0.56796875 0.5056640625 0.009375 0.042578125
2 0.9203125 0.5966796875 0.009375 0.052734375
2 0.3958984375 0.432421875 0.008984375 0.03515625
2 0.6068359375 0.46796875 0.008984375 0.040625
2 0.5021484375 0.51953125 0.008984375 0.040625
2 0.6130859375 0.590625 0.016796875 0.05
2 0.81328125 0.740234375 0.0140625 0.06484375
2 0.3259765625 0.5978515625 0.011328125 0.051953125
2 0.6884765625 0.549609375 0.009765625 0.04453125
2 0.7626953125 0.625390625 0.012890625 0.05078125
3 0.278125 0.9455078125 0.0234375 0.078515625
2 0.5458984375 0.5923828125 0.012109375 0.053515625
2 0.5408203125 0.7171875 0.020703125 0.0609375
0 0.85 0.5126953125 0.0046875 0.008203125
3 0.68046875 0.3650390625 0.00625 0.028515625
4 0.7776875000000001 0.365796875 0.0048671875 0.0217578125
5 0.9084456544020998 0.4783645441968192 0.9136475376168807 0.41713479996684466 0.9868747473032016 0.46435773926275026 0.9816728030305866 0.5335913872926843