0 0.8744140625 0.6609375 0.006640625 0.0140625
1 0.89375 0.430078125 0.0109375 0.04453125
3 0.1314453125 0.366015625 0.006640625 0.03046875
2 0.3154296875 0.369921875 0.005859375 0.03046875
2 0.2435546875 0.380859375 0.013671875 0.03515625
2 0.69140625 0.427734375 0.009375 0.04453125
2 0.5201171875 0.3779296875 0.007421875 0.032421875
2 0.4994140625 0.4107421875 0.008203125 0.041796875
2 0.57734375 0.47265625 0.0109375 0.0453125
2 0.7784921875 0.5755859375 0.021921875 0.068359375
2 0.1359375 0.4845703125 0.015625 0.051953125
2 0.3478515625 0.43046875 0.009765625 0.0453125
2 0.6298828125 0.4568359375 0.009765625 0.048046875
2 0.3880859375 0.4482421875 0.010546875 0.046484375
2 0.1609375 0.4521484375 0.009375 0.046484375
2 0.9009765625 0.5630859375 0.023828125 0.065234375
2 0.4396484375 0.5337890625 0.013671875 0.058203125
3 0.4384765625 0.4853515625 0.011328125 0.053515625
2 0.6591953125 0.6912109375 0.017546875 0.071484375
2 0.4603515625 0.65546875 0.012890625 0.0703125
2 0.3625 0.5271484375 0.0140625 0.057421875
2 0.0984375 0.521875 0.0125 0.0609375
2 0.2486328125 0.6396484375 0.017578125 0.077734375
2 0.8646484375 0.726171875 0.019921875 0.08515625
4 0.6736953125 0.32873437499999997 0.00428125 0.018062500000000002
5 0.8427044957228592 0.4173890427195617 0.8451776879088229 0.35617076487996724 0.9261744371727779 0.3830697085381781 0.9199914802939771 0.4501624725287213