3 0.834375 0.3830078125 0.0078125 0.026953125
2 0.4446328125 0.43515625 0.0095703125 0.0390625
2 0.2956484375 0.445703125 0.009484375 0.03984375
2 0.4943359375 0.3994140625 0.007421875 0.033203125
2 0.6845703125 0.3900390625 0.008203125 0.031640625
2 0.6291015625 0.450390625 0.008203125 0.03984375
2 0.38203125 0.4927734375 0.0109375 0.046484375
2 0.1126953125 0.5275390625 0.020703125 0.051953125
2 0.0876953125 0.540625 0.019140625 0.05
2 0.79375 0.4138671875 0.009375 0.037109375
2 0.6630859375 0.577734375 0.010546875 0.06015625
3 0.5099609375 0.505078125 0.008984375 0.04921875
2 0.6337890625 0.50234375 0.011328125 0.05
2 0.81171875 0.5130859375 0.0140625 0.048046875
2 0.82421875 0.488671875 0.0109375 0.04921875
2 0.32578125 0.5314453125 0.015625 0.051953125
2 0.2462890625 0.6267578125 0.019140625 0.062890625
2 0.4130859375 0.7189453125 0.023046875 0.078515625
2 0.8173828125 0.56015625 0.014453125 0.065625
2 0.37734375 0.5427734375 0.0203125 0.052734375
2 0.1640625 0.6466796875 0.0125 0.068359375
2 0.56640625 0.687890625 0.021875 0.07421875
0 0.091015625 0.525 0.00703125 0.0125
1 0.1302734375 0.4576171875 0.013671875 0.044921875
4 0.376 0.34924218749999997 0.0044609375 0.0206953125
5 0.1675936685350607 0.4494763464452095 0.16102124759863484 0.3903177577441224 0.23003169636011833 0.3690813353524862 0.23458184431626378 0.4221723816874687