0 0.1251953125 0.6609375 0.006640625 0.0140625
1 0.10703125 0.430078125 0.0109375 0.04453125
3 0.8681640625 0.366015625 0.006640625 0.03046875
2 0.6849609375 0.369921875 0.005859375 0.03046875
2 0.7560546875 0.380859375 0.013671875 0.03515625
2 0.309375 0.427734375 0.009375 0.04453125
2 0.4802734375 0.3779296875 0.007421875 0.032421875
2 0.5001953125 0.4107421875 0.008203125 0.041796875
2 0.4234375 0.47265625 0.0109375 0.0453125
2 0.2158203125 0.5755859375 0.011328125 0.068359375
2 0.8640625 0.4845703125 0.015625 0.051953125
2 0.6525390625 0.43046875 0.009765625 0.0453125
2 0.3697265625 0.4568359375 0.009765625 0.048046875
2 0.6123046875 0.4482421875 0.010546875 0.046484375
2 0.8390625 0.4521484375 0.009375 0.046484375
2 0.0986328125 0.5630859375 0.023828125 0.065234375
2 0.5607421875 0.5337890625 0.013671875 0.058203125
3 0.5611328125 0.4853515625 0.011328125 0.053515625
2 0.3390625 0.6912109375 0.0125 0.071484375
2 0.5400390625 0.65546875 0.012890625 0.0703125
2 0.63828125 0.5271484375 0.0140625 0.057421875
2 0.90234375 0.521875 0.0125 0.0609375
2 0.7517578125 0.6396484375 0.017578125 0.077734375
2 0.1357421875 0.726171875 0.019921875 0.08515625
5 0.08385549056045719 0.4419983902974781 0.0795918759590016 0.3800193329862688 0.15082352717749353 0.35729191950454187 0.1539038265481174 0.4119918024954761
4 0.3275078125 0.32990624999999996 0.0077578125 0.0241640625