3 0.46484375 0.221875 0.009375 0.028125
2 0.3146484375 0.459765625 0.018359375 0.04921875
1 0.1337890625 0.3421875 0.011328125 0.034375
2 0.634375 0.2611328125 0.0109375 0.028515625
2 0.45859375 0.4279296875 0.0171875 0.043359375
2 0.4546875 0.2873046875 0.0140625 0.032421875
2 0.8138671875 0.3283203125 0.010546875 0.037890625
2 0.4767578125 0.3841796875 0.017578125 0.041796875
2 0.8578125 0.443359375 0.0140625 0.04921875
2 0.4193359375 0.319921875 0.013671875 0.03515625
2 0.7146484375 0.4427734375 0.008984375 0.041796875
2 0.3537109375 0.528515625 0.024609375 0.05546875
2 0.7435546875 0.38515625 0.008984375 0.0390625
2 0.8947265625 0.516796875 0.012890625 0.05546875
2 0.70078125 0.3021484375 0.0125 0.032421875
2 0.809375 0.4044921875 0.0125 0.046484375
3 0.51015625 0.3990234375 0.0125 0.041796875
2 0.3509765625 0.4771484375 0.012890625 0.052734375
2 0.8451171875 0.3546875 0.013671875 0.0390625
2 0.73828125 0.512109375 0.015625 0.05546875
2 0.38828125 0.48046875 0.0171875 0.05
2 0.3041015625 0.4361328125 0.016015625 0.047265625
0 0.291015625 0.4787109375 0.00546875 0.010546875
2 0.4640625 0.407421875 0.01875 0.04609375
5 0.04807692307692307 0.3143028846153847 0.05528846153846153 0.37499999999999994 0.11658653846153846 0.3263221153846153 0.11117788461538462 0.27283653846153844
4 0.2545078125 0.2157421875 0.0078125 0.027640625000000002