2 0.5205078125 0.3359375 0.022265625 0.040625
2 0.5634765625 0.2935546875 0.012890625 0.037109375
1 0.703125 0.2859375 0.0109375 0.0390625
2 0.6599609375 0.3244140625 0.010546875 0.042578125
2 0.5048828125 0.2599609375 0.009765625 0.037109375
2 0.6330078125 0.2953125 0.008203125 0.0453125
2 0.70078125 0.4203125 0.0265625 0.0515625
2 0.5775390625 0.3 0.009765625 0.0421875
2 0.1869140625 0.2841796875 0.008203125 0.041796875
2 0.5521484375 0.355859375 0.010546875 0.04921875
2 0.2216796875 0.3373046875 0.015234375 0.046484375
3 0.4986328125 0.3537109375 0.014453125 0.048046875
2 0.2263671875 0.4130859375 0.012109375 0.052734375
2 0.8548828125 0.5375 0.014453125 0.0640625
2 0.1609375 0.2927734375 0.0109375 0.043359375
2 0.1978515625 0.3583984375 0.014453125 0.046484375
2 0.1595703125 0.4859375 0.011328125 0.0609375
2 0.0459375 0.34196875000000004 0.015234375 0.047265625
2 0.39140625 0.3224609375 0.015625 0.043359375
0 0.8490234375 0.53515625 0.005859375 0.0109375
2 0.511328125 0.256640625 0.00859375 0.03359375
2 0.5708984375 0.2806640625 0.010546875 0.036328125
2 0.5138671875 0.3111328125 0.019921875 0.042578125
4 0.5123203125 0.1775859375 0.009015625 0.027046874999999998
5 0.7445913461538461 0.3094951923076923 0.7469951923076923 0.2518028846153847 0.6826923076923077 0.22295673076923075 0.6802884615384615 0.28425480769230765