2 0.4771484375 0.3423828125 0.008984375 0.042578125
1 0.7568359375 0.3392578125 0.012109375 0.037890625
2 0.4818359375 0.335546875 0.008984375 0.03984375
3 0.10546875 0.298046875 0.0109375 0.03515625
2 0.1248046875 0.3857421875 0.008984375 0.043359375
2 0.3888671875 0.4458984375 0.013671875 0.041796875
2 0.1609375 0.508203125 0.0109375 0.05546875
3 0.4216796875 0.39765625 0.008984375 0.04375
2 0.5302734375 0.38828125 0.016796875 0.0390625
2 0.284375 0.3546875 0.0078125 0.0359375
2 0.5900390625 0.4111328125 0.016015625 0.042578125
2 0.1501953125 0.403515625 0.011328125 0.04453125
2 0.24453125 0.349609375 0.0078125 0.03984375
2 0.2858046875 0.403125 0.009375 0.0390625
2 0.5421875 0.3662109375 0.0125 0.041796875
2 0.57265625 0.4650390625 0.0078125 0.047265625
2 0.6591796875 0.475390625 0.010546875 0.04453125
2 0.4736328125 0.468359375 0.008203125 0.03984375
2 0.4888671875 0.4166015625 0.012109375 0.042578125
2 0.1873046875 0.519140625 0.010546875 0.04921875
2 0.7560546875 0.6146484375 0.013671875 0.062109375
2 0.3810546875 0.5181640625 0.010546875 0.058203125
3 0.88203125 0.6796875 0.0171875 0.075
0 0.391015625 0.4662109375 0.00546875 0.008984375
2 0.4173828125 0.3984375 0.011328125 0.0421875
5 0.821875 0.3661458333333333 0.825 0.30885416666666665 0.7609375 0.278125 0.7572916666666666 0.33854166666666663
4 0.6041640625 0.2315078125 0.0114609375 0.0390625