2 0.3138671875 0.3857421875 0.008984375 0.041796875
2 0.3189453125 0.3208984375 0.006640625 0.043359375
2 0.40625 0.334765625 0.0125 0.04453125
2 0.3595703125 0.35078125 0.008203125 0.040625
2 0.2748046875 0.3376953125 0.008984375 0.042578125
3 0.9787109375 0.2693359375 0.010546875 0.041796875
2 0.7287109375 0.2966796875 0.008984375 0.041796875
2 0.2884765625 0.3498046875 0.011328125 0.048046875
2 0.2560546875 0.3921875 0.010546875 0.05
2 0.3478515625 0.3634765625 0.009765625 0.047265625
2 0.4763671875 0.31875 0.012109375 0.0390625
2 0.6095703125 0.4470703125 0.009765625 0.058203125
3 0.4076171875 0.3751953125 0.010546875 0.051953125
2 0.7453125 0.3216796875 0.0078125 0.043359375
2 0.5025390625 0.3552734375 0.009765625 0.046484375
2 0.3189453125 0.4126953125 0.014453125 0.053515625
2 0.8205078125 0.382421875 0.011328125 0.04921875
2 0.6197265625 0.451953125 0.011328125 0.06015625
2 0.5416015625 0.3828125 0.009765625 0.05
1 0.2685546875 0.29609375 0.012109375 0.046875
0 0.437109375 0.298046875 0.00546875 0.01015625
2 0.4171875 0.3283203125 0.015625 0.041015625
2 0.393359375 0.2970703125 0.01171875 0.039453125
2 0.383984375 0.3005859375 0.01328125 0.035546875
4 0.4627890625 0.18882812499999999 0.0049296875 0.02909375
5 0.22986943406003862 0.3330133829967827 0.22154953210298567 0.2656158366696624 0.29323738853957704 0.2309800524178828 0.29843216151098173 0.2964416899387475