2 0.5052734375 0.2572265625 0.005859375 0.028515625
2 0.74453125 0.373828125 0.0078125 0.03984375
2 0.5892578125 0.2962890625 0.006640625 0.031640625
2 0.7365234375 0.3734375 0.008984375 0.0390625
2 0.56171875 0.3765625 0.0078125 0.034375
2 0.7134765625 0.316875 0.006640625 0.03046875
2 0.2697265625 0.4779296875 0.011328125 0.046484375
1 0.9947265625 0.3953125 0.009765625 0.0390625
2 0.5322265625 0.3529296875 0.009765625 0.037109375
2 0.1916015625 0.447265625 0.009765625 0.04453125
2 0.6779296875 0.3099609375 0.007421875 0.032421875
2 0.75859375 0.608203125 0.0140625 0.05546875
2 0.40765624999999994 0.3723046875 0.008203125 0.0390625
3 0.0322265625 0.6685546875 0.020703125 0.062109375
2 0.43046875 0.512890625 0.0109375 0.04921875
3 0.64453125 0.4244140625 0.0078125 0.042578125
2 0.38671875 0.554296875 0.0125 0.05078125
2 0.7296875 0.5203125 0.0109375 0.059375
2 0.7111328125 0.5447265625 0.011328125 0.053515625
2 0.30546875 0.3130859375 0.0078125 0.037109375
2 0.31796875 0.49203125 0.0109375 0.053515625
2 0.4107421875 0.5678124999999999 0.012109375 0.056640625
2 0.8384765625 0.708984375 0.019140625 0.06015625
3 0.6943359375 0.2466796875 0.007421875 0.030859375
1 0.08046875 0.3703125 0.0140625 0.0390625
0 0.1947265625 0.4640625 0.005078125 0.0109375
4 0.9611484375 0.27153125 0.0071953125 0.026640625
4 0.1953828125 0.229890625 0.0096328125 0.025273437500000002
5 0.0036042776089766915 0.37195104335794815 0.0006485956420345773 0.31496037485383127 0.05743392349818148 0.28262177795943183 0.06595172600920099 0.33375172175419365