1 0.7181640625 0.3478515625 0.011328125 0.037890625
2 0.6388671875 0.41371874999999997 0.013671875 0.0359375
2 0.6111328125 0.48984375 0.009765625 0.0359375
2 0.4873046875 0.32146093750000004 0.007421875 0.031640625
2 0.2033203125 0.4005859375 0.009765625 0.033203125
2 0.50546875 0.3275390625 0.009375 0.026953125
2 0.3140625 0.4015625 0.0078125 0.034375
2 0.5955078125 0.41050000000000003 0.009765625 0.0359375
2 0.2189453125 0.3490234375 0.006640625 0.027734375
2 0.2302734375 0.3875 0.008984375 0.034375
2 0.6380859375 0.4537109375 0.015234375 0.037109375
2 0.1564453125 0.50625 0.008203125 0.0484375
2 0.7474609375 0.5509765625 0.008984375 0.051953125
2 0.3083984375 0.4326171875 0.008984375 0.037109375
3 0.5189453125 0.41484375 0.008203125 0.0359375
2 0.4814453125 0.483203125 0.011328125 0.04453125
2 0.4216796875 0.3642578125 0.010546875 0.031640625
2 0.1470703125 0.419921875 0.011328125 0.03984375
2 0.5021484375 0.469140625 0.015234375 0.03984375
3 0.8671875 0.603125 0.0171875 0.0578125
0 0.4521484375 0.3091796875 0.005859375 0.012109375
2 0.567578125 0.37109375 0.01171875 0.0375
2 0.61171875 0.5087890625 0.0203125 0.023828125
3 0.1513671875 0.3171875 0.010546875 0.0328125
2 0.1609375 0.4966796875 0.009375 0.046484375
5 0.7634548611111112 0.37109375 0.7682291666666666 0.3211805555555555 0.7139756944444444 0.2951388888888889 0.709201388888889 0.3446180555555555
4 0.578609375 0.257078125 0.0107421875 0.020023437499999998