2 0.3310546875 0.3087890625 0.008984375 0.0359375
3 0.9345703125 0.227734375 0.011328125 0.03984375
2 0.4685546875 0.254953125 0.01075 0.03634375
0 0.4208984375 0.30703125 0.007421875 0.0109375
2 0.56015625 0.2212890625 0.0109375 0.033203125
2 0.50225 0.2819296875 0.011328125 0.04453125
2 0.6279296875 0.309765625 0.010546875 0.04921875
2 0.4775390625 0.39765625 0.016015625 0.05
2 0.7404296875 0.247265625 0.008984375 0.04453125
1 0.1224609375 0.288671875 0.012109375 0.05078125
2 0.7787109375 0.243359375 0.008984375 0.041796875
3 0.5181640625 0.3130859375 0.011328125 0.048046875
2 0.775 0.2990234375 0.009375 0.048046875
2 0.5369140625 0.23046875 0.016015625 0.0390625
2 0.4595703125 0.3044921875 0.014453125 0.048046875
2 0.85078125 0.3251953125 0.0109375 0.047265625
2 0.9392578125 0.2888671875 0.011328125 0.048046875
2 0.5775390625 0.344921875 0.017578125 0.04921875
2 0.325 0.3388671875 0.0125 0.057421875
2 0.7681640625 0.3669921875 0.012890625 0.057421875
2 0.2748046875 0.353515625 0.013671875 0.05546875
2 0.7009765625 0.33046875 0.019140625 0.0453125
2 0.9171875 0.48203125 0.021875 0.065625
2 0.1978515625 0.650390625 0.030078125 0.07421875
5 0.0468498642677887 0.32551705063567865 0.043750081674876304 0.2474858224499636 0.12719558427478667 0.21317061725724287 0.13180297255505402 0.2812888875204108 0.04682168688091427 0.32431094369510916
4 0.3282265625 0.154203125 0.0092890625 0.028648437500000002