2 0.6693359375 0.3078125 0.008984375 0.0359375
3 0.0658203125 0.227734375 0.011328125 0.03984375
2 0.5328828125 0.2559296875 0.012648437500000002 0.045171875
0 0.5794921875 0.30703125 0.007421875 0.0109375
2 0.440625 0.2212890625 0.0109375 0.033203125
2 0.4986328125 0.282421875 0.011328125 0.04453125
2 0.3716796875 0.309328125 0.010546875 0.04921875
2 0.5220703125 0.3985390625 0.016015625 0.05
2 0.2599609375 0.247265625 0.008984375 0.04453125
1 0.8771484375 0.288671875 0.012109375 0.05078125
2 0.2208984375 0.2443359375 0.008984375 0.041796875
3 0.4814453125 0.3130859375 0.011328125 0.048046875
2 0.22578125 0.2990234375 0.009375 0.048046875
2 0.4634765625 0.23090625 0.016015625 0.0390625
2 0.5408203125 0.3044921875 0.014453125 0.048046875
2 0.149125 0.3251953125 0.0109375 0.047265625
2 0.0603515625 0.2888671875 0.011328125 0.048046875
2 0.4220703125 0.344921875 0.017578125 0.04921875
2 0.675 0.3388671875 0.0125 0.057421875
2 0.2322265625 0.3669921875 0.012890625 0.057421875
2 0.7248046875 0.353515625 0.013671875 0.05546875
2 0.2986328125 0.33046875 0.019140625 0.0453125
2 0.08359375 0.48203125 0.021875 0.065625
2 0.8017578125 0.650390625 0.030078125 0.07421875
4 0.671515625 0.156140625 0.0172890625 0.030703124999999998
5 0.9537125900527282 0.32420295894083556 0.9575888399668019 0.24506006207549552 0.8723499887645675 0.2085753728517493 0.8657593590499111 0.27670942275747124