2 0.13671875 0.45078125 0.0109375 0.0390625
1 0.1361328125 0.3375 0.012890625 0.0359375
2 0.35390625 0.299609375 0.0078125 0.03046875
2 0.3314453125 0.401953125 0.011328125 0.04453125
2 0.2982421875 0.3345703125 0.010546875 0.037890625
2 0.170703125 0.4603515625 0.01484375 0.047265625
2 0.2732421875 0.4552734375 0.018359375 0.046484375
2 0.6677734375 0.31484375 0.008984375 0.0359375
2 0.8091796875 0.3419921875 0.008984375 0.041796875
2 0.3763671875 0.3896484375 0.010546875 0.043359375
2 0.6646484375 0.3974609375 0.008984375 0.037109375
2 0.5634765625 0.4904296875 0.014453125 0.041796875
2 0.7748046875 0.4154296875 0.010546875 0.046484375
2 0.34296875 0.4453125 0.009375 0.0453125
2 0.2537109375 0.5078125 0.015234375 0.05
3 0.3916015625 0.4455078125 0.011328125 0.047265625
2 0.79453125 0.535546875 0.0140625 0.05078125
2 0.8205078125 0.3576171875 0.011328125 0.041796875
2 0.25625 0.4478515625 0.0171875 0.047265625
2 0.8015625 0.459765625 0.015625 0.05546875
2 0.5166015625 0.5375 0.012890625 0.059375
3 0.9126953125 0.8595703125 0.030078125 0.083203125
2 0.6275390625 0.2861328125 0.011328125 0.030078125
3 0.41328125 0.21328125 0.009375 0.0296875
0 0.3349609375 0.5162109375 0.007421875 0.013671875
4 0.2828984375 0.2113359375 0.006578125 0.025328125
5 0.0871860458831776 0.371577456877477 0.07797026527119773 0.3052162407078864 0.14395526007783987 0.26429348229837385 0.15095925896781065 0.323649911866106