2 0.3998046875 0.30703125 0.010546875 0.0390625
1 0.1486328125 0.32578125 0.009765625 0.0390625
2 0.4078125 0.5109375 0.01875 0.0578125
2 0.803125 0.34140625 0.009375 0.0359375
2 0.23809375 0.4437578125 0.008203125 0.04921875
2 0.6859375 0.2998046875 0.0078125 0.032421875
2 0.8125 0.3521484375 0.0078125 0.041796875
2 0.7017578125 0.4068359375 0.014453125 0.043359375
2 0.33359375 0.31953125 0.0078125 0.0390625
2 0.7779296875 0.5953125 0.013671875 0.0609375
3 0.4955078125 0.4501953125 0.017578125 0.042578125
2 0.6505859375 0.45546875 0.010546875 0.0546875
2 0.65 0.3158203125 0.009375 0.037890625
2 0.44140625 0.510546875 0.0109375 0.04921875
2 0.3974609375 0.38515625 0.008984375 0.0453125
2 0.2884765625 0.4076171875 0.009765625 0.048046875
2 0.3453125 0.612140625 0.0140625 0.0640625
2 0.4841796875 0.491015625 0.015234375 0.04921875
2 0.8173828125 0.4658203125 0.014453125 0.053515625
2 0.3009765625 0.5970703125 0.030078125 0.053515625
2 0.2224609375 0.4744140625 0.012109375 0.056640625
3 0.92734375 0.8494140625 0.028125 0.087890625
3 0.427734375 0.20546875 0.00859375 0.03125
2 0.40390625 0.4990234375 0.021875 0.049609375
0 0.4359375 0.543359375 0.0046875 0.01015625
4 0.269203125 0.19790625 0.006812500000000001 0.02375
5 0.07218597045857625 0.34990671361413017 0.06744726425515538 0.29349323433871866 0.1246322543379148 0.2584610159239633 0.13093015946467151 0.31113535920441826