2 0.4951171875 0.2572265625 0.005859375 0.028515625
2 0.25625 0.373828125 0.0078125 0.03984375
2 0.4103515625 0.2962890625 0.006640625 0.031640625
2 0.2630859375 0.3734375 0.008984375 0.0390625
2 0.4390625 0.3765625 0.0078125 0.034375
2 0.2861328125 0.317578125 0.006640625 0.03046875
2 0.7298828125 0.4779296875 0.011328125 0.046484375
1 0.0056640625 0.3953125 0.009765625 0.0390625
2 0.4681640625 0.3529296875 0.009765625 0.037109375
2 0.8087890625 0.447265625 0.009765625 0.04453125
2 0.3224609375 0.3099609375 0.007421875 0.032421875
2 0.2421875 0.608203125 0.0140625 0.05546875
2 0.5923828125 0.37265625 0.008203125 0.0390625
3 0.9673828125 0.6685546875 0.020703125 0.062109375
2 0.5703125 0.512890625 0.0109375 0.04921875
2 0.35546875 0.4244140625 0.0078125 0.042578125
2 0.6140625 0.554296875 0.0125 0.05078125
2 0.27109375 0.5203125 0.0109375 0.059375
2 0.2884765625 0.5447265625 0.011328125 0.053515625
2 0.6953125 0.3130859375 0.0078125 0.037109375
2 0.6828125 0.4923828125 0.0109375 0.053515625
2 0.5896484375 0.5681640625 0.012109375 0.056640625
2 0.1619140625 0.708984375 0.019140625 0.06015625
3 0.3060546875 0.2466796875 0.007421875 0.030859375
1 0.91953125 0.3703125 0.0140625 0.0390625
0 0.8056640625 0.4640625 0.005078125 0.0109375
5 0.9992897727272727 0.32315340909090906 0.9928977272727273 0.38281249999999994 0.932528409090909 0.33593749999999994 0.9417613636363636 0.28622159090909094
4 0.8044062500000001 0.2293515625 0.0072578124999999995 0.0301328125
4 0.038375 0.271140625 0.009648437499999999 0.02021875