2 0.5232421875 0.3423828125 0.008984375 0.042578125
1 0.2435546875 0.3392578125 0.012109375 0.037890625
2 0.5185546875 0.335546875 0.008984375 0.03984375
3 0.8953125 0.298046875 0.0109375 0.03515625
2 0.8755859375 0.3857421875 0.008984375 0.043359375
2 0.6115234375 0.4458984375 0.013671875 0.041796875
2 0.83984375 0.508203125 0.0109375 0.05546875
3 0.5787109375 0.39765625 0.008984375 0.04375
2 0.4701171875 0.38828125 0.016796875 0.0390625
2 0.71640625 0.3546875 0.0078125 0.0359375
2 0.4103515625 0.4111328125 0.016015625 0.042578125
2 0.8501953125 0.403515625 0.011328125 0.04453125
2 0.75546875 0.349609375 0.0078125 0.03984375
2 0.715625 0.403125 0.009375 0.0390625
2 0.45859375 0.3662109375 0.0125 0.041796875
2 0.42734375 0.4650390625 0.0078125 0.047265625
2 0.3404296875 0.475390625 0.010546875 0.04453125
2 0.5259765625 0.468359375 0.008203125 0.03984375
2 0.5115234375 0.4166015625 0.012109375 0.042578125
2 0.8130859375 0.519140625 0.010546875 0.04921875
2 0.2435546875 0.61409375 0.013671875 0.062109375
2 0.6193359375 0.5181640625 0.010546875 0.058203125
3 0.11796875 0.6796875 0.0171875 0.075
0 0.609765625 0.4662109375 0.00546875 0.008984375
2 0.5830078125 0.3984375 0.011328125 0.0421875
4 0.397265625 0.2328125 0.00859375 0.034375
5 0.17734375 0.3703125 0.1734375 0.3125 0.2390625 0.2796875 0.24375 0.3390625