1 0.2814453125 0.3478515625 0.011328125 0.037890625
2 0.3607421875 0.41328125 0.013671875 0.0359375
2 0.3884765625 0.48984375 0.009765625 0.0359375
2 0.5130859375 0.3197265625 0.007421875 0.031640625
2 0.7962890625 0.4001953125 0.009765625 0.033203125
2 0.4953125 0.3275390625 0.009375 0.026953125
2 0.68671875 0.4015625 0.0078125 0.034375
2 0.4041015625 0.4109375 0.009765625 0.0359375
2 0.7806640625 0.3490234375 0.006640625 0.027734375
2 0.7693359375 0.3875 0.008984375 0.034375
2 0.3623046875 0.4537109375 0.015234375 0.037109375
2 0.8439453125 0.50625 0.008203125 0.0484375
2 0.2529296875 0.5509765625 0.008984375 0.051953125
2 0.6919921875 0.4326171875 0.008984375 0.037109375
3 0.4814453125 0.41484375 0.008203125 0.0359375
2 0.5189453125 0.483203125 0.011328125 0.04453125
2 0.5779296875 0.3642578125 0.010546875 0.031640625
2 0.8525390625 0.419921875 0.011328125 0.03984375
2 0.4982421875 0.469140625 0.015234375 0.03984375
3 0.13359375 0.603125 0.0171875 0.0578125
0 0.5474609375 0.3091796875 0.005859375 0.012109375
2 0.432421875 0.37109375 0.01171875 0.0375
2 0.38828125 0.5087890625 0.0203125 0.023828125
3 0.8490234375 0.3171875 0.010546875 0.0328125
2 0.8390625 0.4966796875 0.009375 0.046484375
5 0.236328125 0.37304687499999994 0.23307291666666669 0.3209635416666667 0.2890625 0.2955729166666667 0.29166666666666663 0.34179687500000006
4 0.42078906250000003 0.257375 0.007375 0.020835937500000002