2 0.6369140625 0.3603515625 0.008203125 0.031640625
2 0.72421875 0.3666015625 0.0109375 0.033203125
2 0.4298828125 0.4078125 0.012890625 0.0296875
2 0.47890625 0.302734375 0.0078125 0.02578125
2 0.4169921875 0.42734375 0.015234375 0.0390625
2 0.464453125 0.56875 0.01640625 0.05
2 0.6806640625 0.3544921875 0.008203125 0.032421875
2 0.6623046875 0.3953125 0.007421875 0.0296875
2 0.525 0.3486328125 0.009375 0.028515625
2 0.42421875 0.33984375 0.0109375 0.0296875
3 0.4751953125 0.3857421875 0.014453125 0.037109375
2 0.49765625 0.3103515625 0.0125 0.026953125
2 0.5609375 0.4642578125 0.0203125 0.048828125
2 0.2751953125 0.5673828125 0.011328125 0.051953125
2 0.515625 0.440234375 0.0109375 0.03984375
2 0.7580078125 0.4638671875 0.011328125 0.046484375
2 0.7599609375 0.3869609375 0.012109375 0.037890625
2 0.7740234375 0.4482421875 0.012109375 0.041796875
2 0.3599609375 0.411328125 0.008984375 0.03515625
3 0.103125 0.6947265625 0.0203125 0.062890625
2 0.2982421875 0.4646484375 0.007421875 0.043359375
2 0.665625 0.323046875 0.0078125 0.03203125
3 0.74921875 0.299609375 0.00625 0.03046875
0 0.409375 0.4443359375 0.0046875 0.007421875
1 0.1486328125 0.36796875 0.011328125 0.0375
4 0.2683125 0.2616171875 0.008828125000000001 0.0193046875
5 0.07063562095342667 0.3963397441795499 0.06730521811762903 0.3329611515418648 0.12440187830269993 0.30904939768571965 0.1330327614334876 0.35786922583599473