2 0.5998046875 0.30703125 0.010546875 0.0390625
1 0.8509765625 0.32578125 0.009765625 0.0390625
2 0.5921875 0.5109375 0.01875 0.0578125
2 0.196875 0.34140625 0.009375 0.0359375
2 0.7626953125 0.443359375 0.008203125 0.04921875
2 0.31484375 0.2998046875 0.0078125 0.032421875
2 0.18828125 0.3521484375 0.0078125 0.041796875
2 0.2978515625 0.4068359375 0.014453125 0.043359375
2 0.6671875 0.31953125 0.0078125 0.0390625
2 0.2224609375 0.5953125 0.013671875 0.0609375
3 0.5048828125 0.4501953125 0.017578125 0.042578125
2 0.3498046875 0.45546875 0.010546875 0.0546875
2 0.35 0.3158203125 0.009375 0.037890625
2 0.559375 0.510546875 0.0109375 0.04921875
2 0.6029296875 0.38515625 0.008984375 0.0453125
2 0.7119140625 0.4076171875 0.009765625 0.048046875
2 0.65546875 0.61171875 0.0140625 0.0640625
2 0.5162109375 0.491015625 0.015234375 0.04921875
2 0.1830078125 0.4658203125 0.014453125 0.053515625
2 0.6986328125 0.5970703125 0.030078125 0.053515625
2 0.7771484375 0.4744140625 0.012109375 0.056640625
3 0.07265625 0.8494140625 0.028125 0.087890625
3 0.573046875 0.20546875 0.00859375 0.03125
2 0.59609375 0.4990234375 0.021875 0.049609375
0 0.5640625 0.543359375 0.0046875 0.01015625
4 0.730734375 0.195765625 0.00646875 0.0287421875
5 0.8650404939267066 0.3104080399745706 0.8715513208598125 0.2526180535719048 0.9399147552900355 0.29087341636277503 0.9297416270144623 0.35720978701145484