1 0.8265625 0.3130859375 0.0125 0.027734375
2 0.44375 0.2734375 0.00625 0.0296875
2 0.2830078125 0.3455078125 0.006640625 0.031640625
2 0.6173828125 0.3353515625 0.009765625 0.037890625
2 0.3064453125 0.2994140625 0.006640625 0.028515625
2 0.2802734375 0.371875 0.008984375 0.0390625
2 0.44609375 0.32578125 0.00625 0.0359375
1 0.0146484375 0.3958984375 0.010546875 0.041796875
2 0.6967187499999999 0.276828125 0.0093203125 0.03046875
2 0.790625 0.384765625 0.009375 0.03515625
2 0.5701171875 0.41015625 0.008984375 0.0390625
2 0.759375 0.3775390625 0.009375 0.042578125
2 0.2564453125 0.5556640625 0.011328125 0.051953125
2 0.4654296875 0.321875 0.008984375 0.034375
2 0.2359375 0.6798828125 0.0125 0.058203125
3 0.3703125 0.3951171875 0.009375 0.041796875
2 0.61796875 0.61328125 0.0203125 0.0609375
2 0.6458984375 0.4076171875 0.013671875 0.041796875
2 0.25703125 0.437890625 0.0078125 0.04921875
2 0.3189453125 0.499609375 0.011328125 0.05078125
2 0.54934375 0.5171718750000001 0.012109375 0.051953125
2 0.3326171875 0.301953125 0.007421875 0.03046875
3 0.3125 0.2431640625 0.00625 0.026953125
0 0.787890625 0.3408203125 0.00390625 0.006640625
4 0.797734375 0.22111718749999998 0.0046015625 0.027000000000000003
5 0.9801236846108161 0.3616012725446038 0.9864710873152063 0.3147070608795479 0.9356691420449337 0.28366813582121597 0.9314202464392295 0.3267161679709661