2 0.4951171875 0.2572265625 0.005859375 0.028515625
2 0.25625 0.373828125 0.0078125 0.03984375
2 0.4103515625 0.2962890625 0.006640625 0.031640625
2 0.2630859375 0.3734375 0.008984375 0.0390625
2 0.4390625 0.3765625 0.0078125 0.034375
2 0.2861328125 0.317578125 0.006640625 0.03046875
2 0.7298828125 0.4779296875 0.011328125 0.046484375
1 0.0056640625 0.3953125 0.009765625 0.0390625
2 0.4681640625 0.3529296875 0.009765625 0.037109375
2 0.8087890625 0.447265625 0.009765625 0.04453125
2 0.3224609375 0.3099609375 0.007421875 0.032421875
2 0.2421875 0.608203125 0.0140625 0.05546875
2 0.5923828125 0.37265625 0.008203125 0.0390625
3 0.9673828125 0.6685546875 0.020703125 0.062109375
2 0.5703125 0.512890625 0.0109375 0.04921875
3 0.35546875 0.4244140625 0.0078125 0.042578125
2 0.6140625 0.554296875 0.0125 0.05078125
2 0.27109375 0.5203125 0.0109375 0.059375
2 0.2884765625 0.5447265625 0.011328125 0.053515625
2 0.6953125 0.3130859375 0.0078125 0.037109375
2 0.6828125 0.4923828125 0.0109375 0.053515625
2 0.5896484375 0.5681640625 0.012109375 0.056640625
2 0.1619140625 0.708984375 0.019140625 0.06015625
3 0.3060546875 0.2466796875 0.007421875 0.030859375
1 0.91953125 0.3703125 0.0140625 0.0390625
0 0.8056640625 0.4640625 0.005078125 0.0109375
5 0.9926470588235295 0.37224264705882354 0.9990808823529413 0.3230698529411765 0.9425551470588236 0.2881433823529412 0.9365808823529411 0.33777573529411764
4 0.8055078124999999 0.2310859375 0.006578125 0.024671875