2 0.6693359375 0.3078125 0.008984375 0.0359375
3 0.0658203125 0.227734375 0.011328125 0.03984375
2 0.53046875 0.2623046875 0.0078125 0.032421875
0 0.5794921875 0.30703125 0.007421875 0.0109375
2 0.440625 0.2212890625 0.0109375 0.033203125
2 0.4986328125 0.282421875 0.011328125 0.04453125
2 0.3716796875 0.309765625 0.010546875 0.04921875
2 0.5172421875000001 0.39765625 0.025671875 0.05
2 0.2599609375 0.247265625 0.008984375 0.04453125
1 0.8771484375 0.288671875 0.012109375 0.05078125
2 0.2208984375 0.2443359375 0.008984375 0.041796875
3 0.4814453125 0.3130859375 0.011328125 0.048046875
2 0.22578125 0.2990234375 0.009375 0.048046875
2 0.4634765625 0.23046875 0.016015625 0.0390625
2 0.5408203125 0.3044921875 0.014453125 0.048046875
2 0.15 0.3251953125 0.0109375 0.047265625
2 0.0603515625 0.2888671875 0.011328125 0.048046875
2 0.4220703125 0.344921875 0.017578125 0.04921875
2 0.675 0.3388671875 0.0125 0.057421875
2 0.2322265625 0.3669921875 0.012890625 0.057421875
2 0.7248046875 0.353515625 0.013671875 0.05546875
2 0.2986328125 0.33046875 0.019140625 0.0453125
2 0.08359375 0.48203125 0.021875 0.065625
2 0.8017578125 0.650390625 0.030078125 0.07421875
4 0.6735703125 0.1539140625 0.005640625 0.031828125
5 0.8544145856041032 0.2793378299956405 0.8642358169175626 0.20546805384906017 0.9697193314686128 0.24949377661412742 0.955184198018058 0.335468552653085