2 0.587890625 0.3955078125 0.01171875 0.036328125
2 0.3080078125 0.3494140625 0.011328125 0.022265625
2 0.4876953125 0.3353515625 0.008203125 0.031640625
2 0.3115234375 0.3875 0.007421875 0.034375
2 0.4595703125 0.333203125 0.009765625 0.03046875
2 0.5888671875 0.4208984375 0.010546875 0.043359375
1 0.6935546875 0.3494140625 0.007421875 0.033203125
2 0.178125 0.3716796875 0.00625 0.032421875
2 0.5193359375 0.362109375 0.007421875 0.03515625
2 0.3240234375 0.4193359375 0.008984375 0.037109375
2 0.5322265625 0.39453125 0.006640625 0.0359375
2 0.2861328125 0.3484375 0.006640625 0.0296875
2 0.4033203125 0.3630859375 0.008203125 0.032421875
3 0.8419921875 0.616015625 0.015234375 0.06015625
2 0.4587890625 0.4755859375 0.008203125 0.046484375
2 0.1921875 0.4087890625 0.009375 0.037890625
2 0.7263671875 0.558203125 0.015234375 0.04921875
2 0.4837890625 0.4640625 0.008203125 0.040625
2 0.1723984375 0.5063125 0.011328125 0.04921875
2 0.6013046875 0.486328125 0.011328125 0.04453125
3 0.4490234375 0.4248046875 0.012109375 0.041796875
2 0.6270156250000001 0.48228906250000003 0.009375 0.048046875
0 0.3203125 0.3146484375 0.0046875 0.008984375
2 0.171875 0.48984375 0.0109375 0.0484375
3 0.155859375 0.3166015625 0.00859375 0.031640625
4 0.5845078125 0.25784375000000004 0.00715625 0.0226015625
5 0.7716192031781202 0.3710776096613641 0.773179831652312 0.3157922835858627 0.7200145856516637 0.29356390511387387 0.718625947378708 0.3433792901600808