3 0.1287109375 0.298046875 0.008984375 0.03359375
2 0.6580078125 0.5693359375 0.017578125 0.041796875
2 0.63359375 0.375 0.0140625 0.040625
1 0.7724609375 0.34296875 0.012109375 0.0390625
2 0.54609375 0.366796875 0.0140625 0.04453125
2 0.6205078125 0.3755859375 0.008203125 0.043359375
2 0.2599609375 0.363671875 0.008984375 0.03984375
2 0.7150390625 0.4900390625 0.009765625 0.047265625
3 0.98984375 0.645703125 0.0203125 0.07265625
2 0.671875 0.5572265625 0.0203125 0.058203125
2 0.3662109375 0.4193359375 0.012109375 0.046484375
2 0.58125 0.34765625 0.009375 0.0390625
3 0.5333984375 0.3974609375 0.008984375 0.046484375
2 0.4330078125 0.4697265625 0.008203125 0.051953125
2 0.62578125 0.458203125 0.0203125 0.04453125
2 0.3501953125 0.3748046875 0.011328125 0.043359375
2 0.4423828125 0.55078125 0.014453125 0.059375
2 0.165625 0.4005859375 0.0125 0.046484375
2 0.1853515625 0.40903906250000005 0.009765625 0.047265625
2 0.4712890625 0.4021484375 0.009765625 0.043359375
2 0.22109375 0.52734375 0.0109375 0.059375
2 0.7466796875 0.468359375 0.015234375 0.05078125
2 0.5630859375 0.50390625 0.015234375 0.05
2 0.2779296875 0.5376953125 0.016796875 0.053515625
0 0.6326171875 0.5529296875 0.007421875 0.012109375
4 0.6023515625 0.2352109375 0.0051953125 0.0228671875
5 0.8228931320309201 0.36802931768922703 0.8247939453130634 0.3053631217456583 0.7610752934204784 0.2794225732673764 0.759144434109401 0.3348911901980441