1 0.7697265625 0.3125 0.009765625 0.0296875
1 0.0068359375 0.403125 0.012109375 0.040625
2 0.2826171875 0.365234375 0.007421875 0.03828125
2 0.4287109375 0.3169921875 0.005859375 0.032421875
2 0.3115234375 0.2923828125 0.005859375 0.028515625
2 0.2736328125 0.3982421875 0.008203125 0.041796875
2 0.4556640625 0.2693359375 0.006640625 0.027734375
2 0.5869140625 0.315234375 0.006640625 0.03515625
2 0.3240234375 0.29375 0.005859375 0.0296875
2 0.2568359375 0.5107421875 0.008984375 0.048046875
2 0.6796875 0.2634765625 0.0078125 0.028515625
2 0.5451171875 0.3775390625 0.008984375 0.037890625
2 0.81953125 0.400390625 0.0140625 0.03984375
2 0.6958984375 0.3603515625 0.008984375 0.037890625
2 0.6220703125 0.38203125 0.008203125 0.0390625
2 0.3294921875 0.4669921875 0.012109375 0.048046875
3 0.38203125 0.375 0.0078125 0.0390625
2 0.2833984375 0.6634765625 0.015234375 0.056640625
2 0.6296875 0.61015625 0.01875 0.059375
2 0.5240234375 0.508203125 0.012109375 0.05078125
3 0.3041015625 0.2451171875 0.009765625 0.035546875
2 0.2845703125 0.351171875 0.006640625 0.03828125
2 0.5484375 0.2361328125 0.0078125 0.030078125
2 0.4310546875 0.3013671875 0.007421875 0.033984375
0 0.762890625 0.3236328125 0.00390625 0.008203125
5 0.9676339285714286 0.3666294642857143 0.9743303571428573 0.3147321428571429 0.9190848214285715 0.28236607142857145 0.9129464285714286 0.32979910714285715
4 0.783203125 0.2265625 0.006140625 0.0278984375