1 0.8265625 0.3130859375 0.0125 0.027734375
2 0.44375 0.2734375 0.00625 0.0296875
2 0.2830078125 0.3455078125 0.006640625 0.031640625
2 0.6173828125 0.3353515625 0.009765625 0.037890625
2 0.3064453125 0.2994140625 0.006640625 0.028515625
2 0.2802734375 0.371875 0.008984375 0.0390625
2 0.44609375 0.32578125 0.00625 0.0359375
1 0.0146484375 0.3958984375 0.010546875 0.041796875
2 0.6962890625 0.276953125 0.008203125 0.03046875
2 0.790625 0.384765625 0.009375 0.03515625
2 0.5701171875 0.41015625 0.008984375 0.0390625
2 0.759375 0.3775390625 0.009375 0.042578125
2 0.2564453125 0.5556640625 0.011328125 0.051953125
2 0.4654296875 0.321875 0.008984375 0.034375
2 0.2359375 0.6798828125 0.0125 0.058203125
3 0.3703125 0.3951171875 0.009375 0.041796875
2 0.61796875 0.61328125 0.0203125 0.0609375
2 0.6458984375 0.4076171875 0.013671875 0.041796875
2 0.25703125 0.437890625 0.0078125 0.04921875
2 0.3189453125 0.499609375 0.011328125 0.05078125
2 0.5490234375 0.5173828125 0.012109375 0.051953125
2 0.3326171875 0.301953125 0.007421875 0.03046875
3 0.3125 0.2431640625 0.00625 0.026953125
0 0.787890625 0.3408203125 0.00390625 0.006640625
4 0.7985 0.22157812500000001 0.006562500000000001 0.0269296875
5 0.92225615132065 0.3256582191364785 0.9295356109615547 0.2746960704694789 0.9941944829210678 0.3123823571824077 0.9843457714827675 0.3693400421806877
4 0.029249999999999998 0.2694765625 0.007484375 0.027000000000000003