2 0.86328125 0.45078125 0.0109375 0.0390625
1 0.8634765625 0.3375 0.012890625 0.0359375
2 0.646875 0.299609375 0.0078125 0.03046875
2 0.6681640625 0.401953125 0.011328125 0.04453125
2 0.7021484375 0.3345703125 0.010546875 0.037890625
2 0.829296875 0.4603515625 0.01484375 0.047265625
2 0.7271484375 0.4552734375 0.018359375 0.046484375
2 0.3326171875 0.31484375 0.008984375 0.0359375
2 0.1912109375 0.3419921875 0.008984375 0.041796875
2 0.6240234375 0.3896484375 0.010546875 0.043359375
2 0.3349609375 0.3974609375 0.008984375 0.037109375
2 0.4361328125 0.4904296875 0.014453125 0.041796875
2 0.2255859375 0.4154296875 0.010546875 0.046484375
2 0.6578125 0.4453125 0.009375 0.0453125
2 0.7458984375 0.5078125 0.015234375 0.05
3 0.6080078125 0.4455078125 0.011328125 0.047265625
2 0.20546875 0.535546875 0.0140625 0.05078125
2 0.1791015625 0.3576171875 0.011328125 0.041796875
2 0.74453125 0.4478515625 0.0171875 0.047265625
2 0.19921875 0.459765625 0.015625 0.05546875
2 0.4830078125 0.5375 0.012890625 0.059375
3 0.0876953125 0.8595703125 0.030078125 0.083203125
2 0.3728515625 0.2861328125 0.011328125 0.030078125
3 0.5875 0.21328125 0.009375 0.0296875
0 0.6654296875 0.5162109375 0.007421875 0.013671875
4 0.71609375 0.211421875 0.0064218750000000005 0.025140625
5 0.912078054335424 0.35995533496777776 0.9170051473559576 0.302335164280481 0.8594306817271476 0.2716590145294704 0.8543570627849515 0.3208732781298048