2 0.4369140625 0.4298828125 0.009765625 0.042578125
2 0.4412109375 0.3234375 0.012109375 0.040625
2 0.3607421875 0.35625 0.010546875 0.0453125
2 0.4681640625 0.2931640625 0.009765625 0.037890625
1 0.1275390625 0.326171875 0.011328125 0.04453125
2 0.46328125 0.4001953125 0.015625 0.056640625
2 0.3533203125 0.4330078125 0.016015625 0.051953125
2 0.3515625 0.3818359375 0.0125 0.057421875
3 0.5244140625 0.3951171875 0.012890625 0.046484375
2 0.73984375 0.3265625 0.0125 0.0453125
2 0.5619140625 0.3712890625 0.011328125 0.051953125
2 0.434375 0.46953125 0.0140625 0.0546875
2 0.5955078125 0.373828125 0.017578125 0.04921875
2 0.3419921875 0.443359375 0.010546875 0.06015625
2 0.3193359375 0.400390625 0.016796875 0.05546875
2 0.528125 0.457421875 0.015625 0.05546875
2 0.4376953125 0.52578125 0.016015625 0.0640625
2 0.5416015625 0.501171875 0.012890625 0.05546875
3 0.1197265625 0.619140625 0.020703125 0.08046875
2 0.76015625 0.3970703125 0.015625 0.053515625
2 0.63359375 0.540625 0.0171875 0.0703125
2 0.67421875 0.5265625 0.0265625 0.065625
2 0.8267578125 0.5107421875 0.022265625 0.066796875
3 0.74453125 0.2572265625 0.009375 0.030078125
0 0.65 0.5572265625 0.0078125 0.014453125
4 0.230265625 0.2261328125 0.006929687499999999 0.023015625
5 0.07124668418691407 0.3154297310672459 0.06674539432820648 0.24982419584488552 0 0.26940861922390236 0.00004322638158291703 0.34498010070069146