2 0.6236328125 0.44453125 0.017578125 0.0546875
2 0.3968125 0.3005859375 0.011328125 0.043359375
2 0.60390625 0.4017578125 0.0171875 0.047265625
1 0.1283203125 0.317578125 0.016015625 0.04921875
3 0.4041015625 0.44140625 0.019140625 0.0640625
2 0.3271484375 0.38515625 0.012109375 0.05
2 0.5240234375 0.3751953125 0.012109375 0.056640625
2 0.2443359375 0.354296875 0.018359375 0.05078125
2 0.7123046875 0.3373046875 0.018359375 0.052734375
2 0.2177734375 0.393359375 0.016796875 0.05546875
2 0.4361328125 0.30078125 0.012890625 0.0453125
2 0.19609375 0.3748046875 0.0171875 0.057421875
2 0.8583984375 0.362109375 0.018359375 0.05078125
2 0.68984375 0.333984375 0.0140625 0.05078125
2 0.4712890625 0.39140625 0.016015625 0.0546875
2 0.48359375 0.43828125 0.015625 0.0640625
2 0.5498046875 0.340625 0.015234375 0.05
2 0.3650390625 0.4203125 0.020703125 0.0609375
2 0.5990234375 0.5015625 0.027734375 0.065625
2 0.3966796875 0.528125 0.032421875 0.0703125
2 0.79375 0.4578125 0.0203125 0.0703125
2 0.2755859375 0.467578125 0.024609375 0.06953125
3 0.928125 0.824609375 0.03125 0.11953125
0 0.48671875 0.46640625 0.0109375 0.0171875
3 0.473046875 0.2158203125 0.01328125 0.039453125
5 0.03642177560995681 0.34893926584489127 0.037328752694847436 0.2712234641993287 0.11818403798696346 0.24714112373770117 0.12373899131631191 0.318153125520522
4 0.3073984375 0.21356250000000002 0.011859375 0.026171875