2 0.7380859375 0.30390625 0.008984375 0.0390625
2 0.4447265625 0.30546875 0.009765625 0.0390625
3 0.1072265625 0.61328125 0.022265625 0.0796875
2 0.4755859375 0.2845703125 0.008984375 0.037890625
2 0.3767578125 0.3435546875 0.009765625 0.048046875
2 0.6025390625 0.3474609375 0.009765625 0.041796875
1 0.1474609375 0.3291015625 0.012109375 0.047265625
3 0.5103515625 0.384375 0.009765625 0.05
2 0.5708984375 0.3466796875 0.010546875 0.046484375
2 0.6869140625 0.4734375 0.011328125 0.065625
2 0.4408203125 0.3826171875 0.016015625 0.052734375
2 0.5172656250000001 0.4990234375 0.019375 0.066796875
2 0.3833984375 0.3759765625 0.012109375 0.053515625
2 0.2556640625 0.51953125 0.016015625 0.0703125
2 0.3712890625 0.5001953125 0.020703125 0.053515625
2 0.5861328125 0.5435546875 0.025390625 0.066796875
2 0.8197265625 0.3826171875 0.011328125 0.052734375
2 0.2736328125 0.52734375 0.012890625 0.075
2 0.4068359375 0.5091796875 0.012109375 0.068359375
2 0.5615234375 0.53203125 0.012109375 0.065625
2 0.3119140625 0.407421875 0.014453125 0.05546875
2 0.4421875 0.5390625 0.0203125 0.0703125
2 0.8494140625 0.526953125 0.023828125 0.07421875
0 0.3615234375 0.28046875 0.007421875 0.0125
3 0.78671875 0.25859375 0.0078125 0.0328125
4 0.25305468750000004 0.22575781250000002 0.0039375 0.02484375
5 0.019826488316040745 0.344436743456962 0.013034973734551874 0.2751980964143338 0.09209542040878678 0.2492736662110822 0.09624284972164279 0.31227002255619773