2 0.2150390625 0.2978515625 0.009765625 0.042578125
3 0.6171875 0.2576171875 0.0078125 0.037109375
2 0.2119140625 0.334375 0.009765625 0.0453125
1 0.85 0.3552734375 0.0109375 0.048046875
2 0.6341796875 0.290625 0.010546875 0.0359375
2 0.2541015625 0.3162109375 0.009765625 0.041796875
2 0.4576171875 0.3107421875 0.008984375 0.043359375
2 0.6345703125 0.3255859375 0.008203125 0.046484375
2 0.4419921875 0.3330078125 0.012109375 0.047265625
2 0.4958984375 0.2755859375 0.007421875 0.037109375
2 0.4822265625 0.2951171875 0.009765625 0.041796875
2 0.35078125 0.4130859375 0.009375 0.052734375
2 0.1515625 0.4103515625 0.0125 0.058203125
2 0.1609375 0.37890625 0.0125 0.059375
3 0.38046875 0.369140625 0.0109375 0.05078125
2 0.1736328125 0.383203125 0.014453125 0.06015625
2 0.3029296875 0.377734375 0.012109375 0.05546875
2 0.86640625 0.4375 0.0109375 0.065625
2 0.5662109375 0.3595703125 0.010546875 0.051953125
2 0.13046875 0.56328125 0.0265625 0.0796875
2 0.5326171875 0.40859375 0.010546875 0.059375
2 0.0880859375 0.817578125 0.021484375 0.11484375
3 0.0306640625 0.8720703125 0.026953125 0.128515625
2 0.6146484375 0.6041015625 0.019921875 0.087890625
0 0.8515625 0.392578125 0.00625 0.01171875
4 0.7852734375 0.2554296875 0.005765625 0.0338046875
5 0.9715843506299967 0.3637796043202667 0.9818573063061107 0.29004780608221126 1 0.29367395121227935 0.9996838394182115 0.3776798580581525