1 0.16328125 0.3138671875 0.0125 0.046484375
2 0.290234375 0.3568359375 0.01796875 0.051171875
2 0.3671875 0.2974609375 0.0109375 0.046484375
2 0.1705078125 0.4029296875 0.011328125 0.062109375
2 0.4078125 0.2857421875 0.009375 0.046484375
2 0.3640625 0.3736328125 0.0125 0.058203125
2 0.31875 0.3830078125 0.0109375 0.047265625
2 0.7408203125 0.28984375 0.020703125 0.0453125
2 0.6689453125 0.3248046875 0.009765625 0.052734375
2 0.3427734375 0.4197265625 0.016796875 0.062890625
2 0.2349609375 0.40546875 0.013671875 0.059375
2 0.8697265625 0.4419921875 0.014453125 0.071484375
2 0.9203125 0.343359375 0.0140625 0.05546875
3 0.3921875 0.4201171875 0.0109375 0.066796875
2 0.1927734375 0.4748046875 0.015234375 0.071484375
2 0.5984375 0.3283203125 0.0125 0.053515625
2 0.6994140625 0.405078125 0.022265625 0.06484375
2 0.5705078125 0.4474609375 0.017578125 0.071484375
2 0.2111328125 0.517578125 0.033203125 0.07421875
2 0.4646484375 0.5623046875 0.018359375 0.082421875
2 0.2908203125 0.334765625 0.014453125 0.05234375
2 0.35703125 0.3771484375 0.0140625 0.049609375
0 0.3552734375 0.3955078125 0.005859375 0.014453125
3 0.5009765625 0.2146484375 0.008203125 0.035546875
5 0.10546875 0.34430803571428575 0.10044642857142856 0.26841517857142866 0.17633928571428573 0.24330357142857145 0.18024553571428573 0.3102678571428572
4 0.3600859375 0.20347656249999999 0.01278125 0.040484375