0 0.1287109375 0.7109375 0.007421875 0.0140625
2 0.2951171875 0.4587890625 0.008984375 0.047265625
2 0.159375 0.65078125 0.015625 0.065625
2 0.359375 0.4388671875 0.009375 0.057421875
1 0.2208984375 0.4162109375 0.012109375 0.052734375
2 0.4658203125 0.4642578125 0.012890625 0.053515625
2 0.3416015625 0.4298828125 0.012890625 0.056640625
2 0.3345703125 0.5315234375 0.014453125 0.056640625
2 0.3982421875 0.405859375 0.010546875 0.05078125
2 0.3048828125 0.460546875 0.014453125 0.05546875
2 0.4607421875 0.4150390625 0.012109375 0.051953125
2 0.45390625 0.393359375 0.0109375 0.04921875
2 0.37734375 0.459796875 0.0125 0.0546875
3 0.4888671875 0.4625 0.010546875 0.0546875
2 0.1810546875 0.6748046875 0.026171875 0.046484375
2 0.38046875 0.557421875 0.0171875 0.06484375
2 0.6275390625 0.42683593750000004 0.009765625 0.051953125
2 0.1509765625 0.7046875 0.020703125 0.075
2 0.3486328125 0.6548828125 0.019140625 0.067578125
2 0.4693359375 0.640234375 0.015234375 0.07578125
2 0.6537109375 0.5421875 0.015234375 0.0609375
2 0.8361328125 0.6544921875 0.017578125 0.082421875
2 0.8318359375 0.4640625 0.013671875 0.059375
4 0.3900546875 0.2876796875 0.0083125 0.034
5 0.1497569106100228 0.4538967925732592 0.14792310885066376 0.3730274079330213 0.21721159049092292 0.34000064875678515 0.22047649856337945 0.412586914403812