2 0.51875 0.4830078125 0.0109375 0.031640625
2 0.440625 0.4970703125 0.009375 0.047265625
1 0.17890625 0.426953125 0.0140625 0.04453125
2 0.2287109375 0.5228515625 0.008984375 0.053515625
2 0.3193359375 0.4630859375 0.008984375 0.048046875
2 0.3138671875 0.5322265625 0.008984375 0.053515625
2 0.4130859375 0.4119140625 0.012109375 0.042578125
2 0.5216796875 0.5123046875 0.021484375 0.052734375
2 0.2359375 0.557421875 0.0125 0.05078125
2 0.3064453125 0.57578125 0.011328125 0.059375
2 0.44140625 0.42734375 0.0125 0.040625
2 0.2744140625 0.561328125 0.012890625 0.03515625
2 0.6439453125 0.4341796875 0.011328125 0.043359375
2 0.4203125 0.5193359375 0.0109375 0.048046875
2 0.43125 0.527734375 0.015625 0.05078125
3 0.3974609375 0.504296875 0.015234375 0.05078125
3 0.06328125 0.703125 0.0234375 0.065625
2 0.54375 0.5150390625 0.0125 0.051953125
2 0.27734375 0.6462890625 0.0125 0.062890625
2 0.6203125 0.5767578125 0.015625 0.067578125
2 0.8396484375 0.524609375 0.012109375 0.05546875
2 0.6626953125 0.5818359375 0.014453125 0.057421875
2 0.4900390625 0.625390625 0.020703125 0.06015625
3 0.852734375 0.3484375 0.00859375 0.034375
0 0.4486328125 0.53046875 0.006640625 0.0125
4 0.3325546875 0.31320312499999997 0.0058515625 0.032953125
5 0.12652996242233144 0.46994169797606383 0.12176815362964082 0.39240695715043306 0.18957974099020053 0.36164858647802867 0.19533125291947176 0.42359524585230224