2 0.3103515625 0.3896484375 0.008203125 0.032421875
2 0.3271484375 0.4529296875 0.008984375 0.046484375
1 0.2072265625 0.4240234375 0.014453125 0.052734375
2 0.4447265625 0.5572265625 0.022265625 0.058203125
2 0.44140625 0.6076171875 0.0234375 0.052734375
2 0.30546875 0.4166015625 0.0125 0.051953125
2 0.2625 0.6095703125 0.015625 0.066015625
2 0.5001953125 0.469921875 0.014453125 0.05546875
2 0.3455078125 0.455859375 0.014453125 0.04921875
2 0.4134765625 0.4205078125 0.014453125 0.047265625
2 0.4068359375 0.6232421875 0.015234375 0.068359375
2 0.1828125 0.61796875 0.01875 0.065625
2 0.3232421875 0.5033203125 0.015234375 0.062890625
2 0.703125 0.734375 0.0265625 0.0703125
3 0.49453125 0.5255859375 0.015625 0.062109375
2 0.421875 0.6494140625 0.0171875 0.076953125
2 0.2419921875 0.6091796875 0.015234375 0.062109375
2 0.1623046875 0.5029296875 0.013671875 0.062109375
2 0.7171875 0.7068359375 0.0203125 0.073046875
2 0.7087890625 0.469921875 0.014453125 0.06015625
2 0.5205078125 0.636328125 0.017578125 0.07578125
2 0.86796875 0.6107421875 0.0265625 0.073046875
0 0.4357421875 0.62578125 0.005859375 0.0109375
3 0.9791015625 0.33359375 0.012890625 0.0421875
4 0.353265625 0.28878906249999997 0.011046875000000001 0.0375234375
5 0.11004172142332994 0.4753624753260315 0.10652892587138699 0.3740087146031895 0.18257629898745092 0.33300975812821487 0.18673512058208877 0.42510889380362055