0 0.1896484375 0.59453125 0.005859375 0.0109375
3 0.008984375 0.709375 0.01796875 0.06875
2 0.2203125 0.5673828125 0.025 0.026953125
1 0.1685546875 0.4302734375 0.018359375 0.041796875
2 0.34140625 0.48671875 0.0140625 0.0453125
2 0.1638671875 0.5830078125 0.016796875 0.042578125
2 0.1966875 0.524421875 0.015234375 0.051953125
2 0.2564453125 0.553703125 0.012890625 0.046484375
2 0.4728515625 0.4681640625 0.009765625 0.047265625
3 0.40546875 0.5046875 0.0078125 0.05
2 0.3369140625 0.4201171875 0.012890625 0.043359375
2 0.1482421875 0.5748046875 0.013671875 0.052734375
2 0.6693125 0.42283593750000004 0.012109375 0.042578125
2 0.2826171875 0.4685546875 0.012109375 0.048046875
2 0.3015625 0.548046875 0.0125 0.04921875
2 0.4421875 0.5384765625 0.009375 0.056640625
2 0.3982421875 0.41328125 0.013671875 0.040625
2 0.3654296875 0.6021484375 0.010546875 0.062109375
2 0.4197265625 0.6544921875 0.012890625 0.066796875
2 0.221296875 0.612890625 0.012890625 0.06015625
2 0.51328125 0.5609375 0.0109375 0.0609375
2 0.64453125 0.6427734375 0.015625 0.068359375
2 0.6740234375 0.6328125 0.018359375 0.0609375
2 0.8439453125 0.541796875 0.011328125 0.05546875
3 0.8552734375 0.345703125 0.008984375 0.03671875
4 0.3355390625 0.31150781250000004 0.014593749999999999 0.0338828125
5 0.1335728340947579 0.45665927808526285 0.1294999355132014 0.38888575452126745 0.18809481061009542 0.3597019257747204 0.19139236565230322 0.4195922236195024