2 0.3142578125 0.4248046875 0.017578125 0.037109375
1 0.2169921875 0.4470703125 0.016796875 0.033203125
2 0.32890625 0.422265625 0.0109375 0.04453125
2 0.3173828125 0.4591796875 0.017578125 0.041796875
2 0.44765625 0.4193359375 0.0125 0.043359375
2 0.2701171875 0.455859375 0.019921875 0.04453125
2 0.1076171875 0.525390625 0.015234375 0.04453125
2 0.4541015625 0.4498046875 0.016015625 0.046484375
3 0.478125 0.471484375 0.009375 0.05546875
2 0.1474609375 0.501953125 0.012109375 0.04921875
2 0.3994140625 0.42734375 0.009765625 0.040625
2 0.3408203125 0.4685546875 0.020703125 0.048046875
2 0.265625 0.5021484375 0.0109375 0.057421875
2 0.3669921875 0.5130859375 0.013671875 0.057421875
2 0.6013671875 0.4318359375 0.013671875 0.052734375
2 0.1591796875 0.53671875 0.015234375 0.0546875
2 0.3728515625 0.5857421875 0.016015625 0.062109375
2 0.8412109375 0.4859375 0.010546875 0.059375
2 0.2927734375 0.55859375 0.012109375 0.0703125
2 0.8015625 0.6115234375 0.015625 0.071484375
2 0.7390625 0.5595703125 0.0125 0.062890625
2 0.51015625 0.6146484375 0.0171875 0.073046875
0 0.102734375 0.541796875 0.00703125 0.01484375
5 0.19886363636363635 0.46377840909090906 0.19602272727272724 0.38636363636363635 0.26136363636363635 0.35440340909090906 0.2634943181818182 0.43252840909090906
4 0.4332421875 0.302203125 0.0071015625 0.037640625