0 0.8107421875 0.59453125 0.005859375 0.0109375
3 0.991015625 0.709375 0.01796875 0.06875
2 0.7796875 0.5673828125 0.025 0.026953125
1 0.8318359375 0.4302734375 0.018359375 0.041796875
2 0.65859375 0.48671875 0.0140625 0.0453125
2 0.8365234375 0.5830078125 0.016796875 0.042578125
2 0.8029296875 0.5251953125 0.015234375 0.051953125
2 0.7431640625 0.5529296875 0.012890625 0.046484375
2 0.5267578125 0.4681640625 0.009765625 0.047265625
3 0.5953125 0.5046875 0.0078125 0.05
2 0.6626953125 0.4201171875 0.012890625 0.043359375
2 0.8521484375 0.5748046875 0.013671875 0.052734375
2 0.3333984375 0.4212890625 0.012109375 0.042578125
2 0.7177734375 0.4685546875 0.012109375 0.048046875
2 0.69921875 0.548046875 0.0125 0.04921875
2 0.55859375 0.5384765625 0.009375 0.056640625
2 0.6013671875 0.41328125 0.013671875 0.040625
2 0.6349609375 0.6021484375 0.010546875 0.062109375
2 0.5806640625 0.6544921875 0.012890625 0.066796875
2 0.7775390625 0.612890625 0.012890625 0.06015625
2 0.48671875 0.5609375 0.0109375 0.0609375
2 0.35625 0.6427734375 0.015625 0.068359375
2 0.3255859375 0.6328125 0.018359375 0.0609375
2 0.1564453125 0.541796875 0.011328125 0.05546875
3 0.1451171875 0.345703125 0.008984375 0.03671875
4 0.666015625 0.314453125 0.00859375 0.03203125
5 0.87109375 0.39375 0.86875 0.46796875 0.80078125 0.4171875 0.80859375 0.35625