0 0.8548828125 0.544921875 0.005078125 0.01015625
2 0.884375 0.5494140625 0.015625 0.031640625
2 0.8822265625 0.5814453125 0.016015625 0.053515625
1 0.8642578125 0.3876953125 0.012890625 0.047265625
3 0.98515625 0.66796875 0.0234375 0.0703125
2 0.8859375 0.604296875 0.0125 0.06015625
2 0.58359375 0.3716796875 0.0125 0.041796875
2 0.3251953125 0.3767578125 0.009765625 0.042578125
2 0.6548828125 0.3919921875 0.009765625 0.048046875
2 0.6287109375 0.4392578125 0.010546875 0.047265625
2 0.4470703125 0.434765625 0.009765625 0.04921875
2 0.7375 0.540625 0.009375 0.059375
2 0.8060546875 0.609375 0.015234375 0.0640625
3 0.5615234375 0.4873046875 0.015234375 0.052734375
2 0.54453125 0.545703125 0.0109375 0.06015625
2 0.68046875 0.5853515625 0.0140625 0.067578125
2 0.8365234375 0.6052734375 0.013671875 0.062109375
2 0.7291015625 0.43984375 0.016015625 0.05
2 0.3921875 0.642578125 0.015625 0.07421875
2 0.6453125 0.680859375 0.015625 0.07578125
2 0.66484375 0.60078125 0.0140625 0.0640625
2 0.2814453125 0.667578125 0.020703125 0.07421875
2 0.4646484375 0.57578125 0.012109375 0.0609375
2 0.1703125 0.52734375 0.0171875 0.0609375
3 0.1861328125 0.3 0.008203125 0.0375
4 0.709265625 0.271203125 0.0089296875 0.033484375
5 0.9185267857142858 0.3543526785714286 0.9140625 0.42689732142857145 0.8504464285714285 0.3828125 0.8560267857142858 0.3225446428571429