2 0.4234375 0.348046875 0.0109375 0.03828125
2 0.51796875 0.36640625 0.009375 0.034375
2 0.4005859375 0.365625 0.010546875 0.0359375
2 0.5095703125 0.365625 0.011328125 0.0359375
2 0.365625 0.387109375 0.0125 0.03515625
2 0.7375 0.3783203125 0.0171875 0.042578125
2 0.4634765625 0.38125 0.012890625 0.0359375
1 0.96484375 0.4673828125 0.0109375 0.051953125
2 0.2615234375 0.4044921875 0.013671875 0.037109375
2 0.5484375 0.4451171875 0.009375 0.046484375
2 0.4162109375 0.43828125 0.012109375 0.04375
2 0.3111328125 0.4193359375 0.011328125 0.043359375
2 0.5206015625 0.456640625 0.012109375 0.04453125
2 0.6232421875 0.5244140625 0.008984375 0.053515625
3 0.3478515625 0.434375 0.016015625 0.0453125
2 0.20390625 0.4439453125 0.0109375 0.047265625
2 0.88828125 0.603421875 0.0171875 0.0609375
2 0.39921875 0.6099609375 0.0203125 0.062109375
2 0.7333984375 0.4326171875 0.015234375 0.043359375
3 0.1771484375 0.884375 0.024609375 0.0859375
2 0.2490234375 0.63671875 0.012109375 0.0640625
2 0.2017578125 0.55234375 0.014453125 0.0609375
3 0.6638671875 0.3353515625 0.010546875 0.034765625
0 0.416796875 0.384765625 0.00703125 0.01171875
2 0.416796875 0.4236328125 0.01171875 0.042578125
4 0.806640625 0.3330078125 0.0087890625 0.0322265625
5 0.9951923076923077 0.454326923076923 0.985576923076923 0.45012019230769224 0.9903846153846153 0.3834134615384615 0.9981971153846153 0.38762019230769235