0 0.1447265625 0.544921875 0.005078125 0.01015625
2 0.115625 0.5494140625 0.015625 0.031640625
2 0.1173828125 0.5814453125 0.016015625 0.053515625
1 0.1353515625 0.3876953125 0.012890625 0.047265625
3 0.01484375 0.66796875 0.0234375 0.0703125
2 0.11484375 0.604296875 0.0125 0.06015625
2 0.4171875 0.3716796875 0.0125 0.041796875
2 0.6744140625 0.3767578125 0.009765625 0.042578125
2 0.3447265625 0.3919921875 0.009765625 0.048046875
2 0.3716796875 0.4392578125 0.010546875 0.047265625
2 0.5525390625 0.434765625 0.009765625 0.04921875
2 0.2625 0.540625 0.009375 0.059375
2 0.1943359375 0.609375 0.015234375 0.0640625
3 0.4388671875 0.4873046875 0.015234375 0.052734375
2 0.45625 0.545703125 0.0109375 0.06015625
2 0.3203125 0.5853515625 0.0140625 0.067578125
2 0.1638671875 0.6052734375 0.013671875 0.062109375
2 0.2712890625 0.43984375 0.016015625 0.05
2 0.60859375 0.642578125 0.015625 0.07421875
2 0.35546875 0.680859375 0.015625 0.07578125
2 0.33515625 0.60078125 0.0140625 0.0640625
2 0.7189453125 0.667578125 0.020703125 0.07421875
2 0.5349609375 0.57578125 0.012109375 0.0609375
2 0.83046875 0.52734375 0.0171875 0.0609375
3 0.8142578125 0.3 0.008203125 0.0375
4 0.2918984375 0.270109375 0.007046874999999999 0.033609375000000004
5 0.08619403979453884 0.43707690834767343 0.0793096904094934 0.3550465622853973 0.15260230510352785 0.3161930276497631 0.15580633496529506 0.3862896205217853