2 0.4068359375 0.4138671875 0.012109375 0.046484375
2 0.52675 0.5902265625 0.018109375 0.07578125
0 0.4228515625 0.6576171875 0.009765625 0.012109375
2 0.41484375 0.4466796875 0.0203125 0.052734375
2 0.4951171875 0.3625 0.010546875 0.05
2 0.6318359375 0.3564453125 0.015234375 0.053515625
2 0.2935546875 0.599609375 0.016796875 0.06484375
2 0.4625 0.4064453125 0.015625 0.051953125
2 0.5744140625 0.351953125 0.009765625 0.04921875
2 0.3982421875 0.4443359375 0.015234375 0.057421875
1 0.1138671875 0.442578125 0.013671875 0.06015625
2 0.36484375 0.47433593749999997 0.0140625 0.066953125
2 0.4947265625 0.4294921875 0.009765625 0.057421875
3 0.5375 0.4541015625 0.0125 0.058203125
2 0.4435546875 0.5083984375 0.016796875 0.066796875
2 0.5923828125 0.528125 0.014453125 0.0640625
2 0.8982421875 0.41953125 0.013671875 0.059375
2 0.3064453125 0.50078125 0.025390625 0.0640625
2 0.5146484375 0.605078125 0.021484375 0.06484375
2 0.91953125 0.5294921875 0.0171875 0.066796875
2 0.7683203125 0.528671875 0.016796875 0.065625
2 0.5205078125 0.5822265625 0.019140625 0.069140625
4 0.3216484375 0.2994140625 0.004234375 0.0229375
5 0.12940660342957694 0.436309498869816 0.12492540475048597 0.34981245870752586 0.033508944859264166 0.3988872048011783 0.041351042547673335 0.4930031496561493
2 0.3687265625 0.4619765625 0.018328125 0.061390625