2 0.6892578125 0.3896484375 0.008203125 0.032421875
2 0.6724609375 0.4529296875 0.008984375 0.046484375
1 0.7931640625 0.4240234375 0.014453125 0.052734375
2 0.5548828125 0.5572265625 0.022265625 0.058203125
2 0.55859375 0.6076171875 0.0234375 0.052734375
2 0.6953125 0.4166015625 0.0125 0.051953125
2 0.7375 0.6095703125 0.015625 0.066015625
2 0.4994140625 0.469921875 0.014453125 0.05546875
2 0.6548828125 0.455859375 0.014453125 0.04921875
2 0.5861328125 0.4205078125 0.014453125 0.047265625
2 0.5927734375 0.6232421875 0.015234375 0.068359375
2 0.81796875 0.61796875 0.01875 0.065625
2 0.6771484375 0.5033203125 0.015234375 0.062890625
2 0.29765625 0.734375 0.0265625 0.0703125
3 0.50625 0.5255859375 0.015625 0.062109375
2 0.57890625 0.6494140625 0.0171875 0.076953125
2 0.7583984375 0.6091796875 0.015234375 0.062109375
2 0.8373046875 0.503328125 0.013671875 0.062109375
2 0.28359375 0.7068359375 0.0203125 0.073046875
2 0.2908203125 0.469921875 0.014453125 0.06015625
2 0.4791015625 0.636328125 0.017578125 0.07578125
2 0.1336015625 0.6099453125000001 0.0265625 0.073046875
0 0.5638671875 0.62578125 0.005859375 0.0109375
3 0.0205078125 0.33359375 0.012890625 0.0421875
4 0.64540625 0.28871875 0.007585937500000001 0.0360703125
5 0.8877623985470358 0.45834424645052013 0.8888853050512966 0.37727716069927697 0.825278360667934 0.3446638273656746 0.8185201349592637 0.41506089702153537