0 0.1896484375 0.59453125 0.005859375 0.0109375
3 0.008984375 0.709375 0.01796875 0.06875
2 0.2203125 0.5673828125 0.025 0.026953125
1 0.1685546875 0.4302734375 0.018359375 0.041796875
2 0.34140625 0.48671875 0.0140625 0.0453125
2 0.1638671875 0.5830078125 0.016796875 0.042578125
2 0.1974609375 0.5251953125 0.015234375 0.051953125
2 0.2564453125 0.5529296875 0.012890625 0.046484375
2 0.4728515625 0.4681640625 0.009765625 0.047265625
3 0.40546875 0.5046875 0.0078125 0.05
2 0.3369140625 0.4201171875 0.012890625 0.043359375
2 0.1482421875 0.5748046875 0.013671875 0.052734375
2 0.6669921875 0.4212890625 0.012109375 0.042578125
2 0.2826171875 0.4685546875 0.012109375 0.048046875
2 0.30265624999999996 0.5502421875 0.0125 0.04921875
2 0.44328124999999996 0.5384765625 0.009375 0.056640625
2 0.3982421875 0.41328125 0.013671875 0.040625
2 0.3654296875 0.6021484375 0.010546875 0.062109375
2 0.4197265625 0.6544921875 0.012890625 0.066796875
2 0.2220703125 0.612890625 0.012890625 0.06015625
2 0.51328125 0.5609375 0.0109375 0.0609375
2 0.64453125 0.6427734375 0.015625 0.068359375
2 0.6740234375 0.6328125 0.018359375 0.0609375
2 0.8439453125 0.541796875 0.011328125 0.05546875
3 0.8552734375 0.345703125 0.008984375 0.03671875
4 0.3339453125 0.31139843749999996 0.009343750000000001 0.0352734375
5 0.13363878662618325 0.45637103937521023 0.1303284550125916 0.39098553985160306 0.18727980704449496 0.3619490909744867 0.1922082970646201 0.41837840037786833