2 0.3921875 0.3447265625 0.0109375 0.033203125
2 0.6080078125 0.33828125 0.008203125 0.0359375
2 0.5716796875 0.3828125 0.010546875 0.040625
2 0.3419921875 0.3732421875 0.010546875 0.037109375
3 0.8916015625 0.88359375 0.019140625 0.0890625
2 0.60703125 0.427734375 0.0109375 0.04453125
2 0.7982421875 0.4193359375 0.010546875 0.043359375
1 0.0951171875 0.452734375 0.010546875 0.05078125
2 0.6283203125 0.3669921875 0.008203125 0.037109375
2 0.52890625 0.448828125 0.009375 0.04921875
2 0.5017578125 0.391015625 0.011328125 0.03984375
2 0.8044921875 0.4732421875 0.012109375 0.052734375
3 0.62265625 0.4494140625 0.0125 0.047265625
2 0.1056640625 0.6001953125 0.019140625 0.062890625
2 0.56171875 0.4521484375 0.009375 0.048046875
2 0.4427734375 0.4771484375 0.015234375 0.046484375
2 0.26015625 0.4587890625 0.0109375 0.046484375
2 0.3873046875 0.516796875 0.015234375 0.05546875
2 0.86484375 0.5611328125 0.0109375 0.062890625
2 0.8729140624999999 0.4854140625 0.011328125 0.053515625
2 0.50390625 0.61484375 0.015625 0.0609375
2 0.7873046875 0.671875 0.016796875 0.065625
2 0.2298828125 0.394140625 0.011328125 0.03984375
3 0.3970703125 0.3173828125 0.008203125 0.037890625
0 0.3919921875 0.3572265625 0.004296875 0.009765625
4 0.280671875 0.31506249999999997 0.0074609375000000006 0.032632812500000004
5 0.03570687222111825 0.46768707171452845 0.03335845328598691 0.3948533953490989 0.10185374427185138 0.3647017781294563 0.10615915659007602 0.43166178416808465