2 0.4068359375 0.4138671875 0.012109375 0.046484375
2 0.5291015625 0.591796875 0.014453125 0.07578125
0 0.4228515625 0.6576171875 0.009765625 0.012109375
2 0.41484375 0.4466796875 0.0203125 0.052734375
2 0.4951171875 0.3625 0.010546875 0.05
2 0.6318359375 0.3564453125 0.015234375 0.053515625
2 0.2935546875 0.599609375 0.016796875 0.06484375
2 0.4625 0.4064453125 0.015625 0.051953125
2 0.5744140625 0.351953125 0.009765625 0.04921875
2 0.3982421875 0.4443359375 0.015234375 0.057421875
1 0.1138671875 0.442578125 0.013671875 0.06015625
2 0.36484375 0.47455468749999996 0.0140625 0.066515625
2 0.4947265625 0.4294921875 0.009765625 0.057421875
3 0.5375 0.4541015625 0.0125 0.058203125
2 0.4435546875 0.5083984375 0.016796875 0.066796875
2 0.5923828125 0.528125 0.014453125 0.0640625
2 0.8982421875 0.41953125 0.013671875 0.059375
2 0.3064453125 0.50078125 0.025390625 0.0640625
2 0.5146484375 0.605078125 0.021484375 0.06484375
2 0.91953125 0.5294921875 0.0171875 0.066796875
2 0.7669921875 0.52734375 0.016796875 0.065625
2 0.5205078125 0.5822265625 0.019140625 0.069140625
4 0.323203125 0.2923203125 0.012273437500000001 0.043171875
5 0.038735246114093444 0.49764787274672023 0.033075957523470714 0.39885609443158304 0.13031296785988983 0.3525474593872015 0.13751571663514736 0.4348739216883244
2 0.3674921875 0.4588046875 0.0181796875 0.05703125