2 0.48203125 0.4830078125 0.0109375 0.031640625
2 0.56015625 0.4970703125 0.009375 0.047265625
1 0.821875 0.426953125 0.0140625 0.04453125
2 0.7716796875 0.5228515625 0.008984375 0.053515625
2 0.6810546875 0.4630859375 0.008984375 0.048046875
2 0.6865234375 0.5322265625 0.008984375 0.053515625
2 0.5873046875 0.4119140625 0.012109375 0.042578125
2 0.4787109375 0.5123046875 0.021484375 0.052734375
2 0.7640625 0.557421875 0.0125 0.05078125
2 0.6939453125 0.57578125 0.011328125 0.059375
2 0.559375 0.42659375 0.0125 0.040625
2 0.7251953125 0.561328125 0.012890625 0.03515625
2 0.357921875 0.4341796875 0.011328125 0.043359375
2 0.58046875 0.5193359375 0.0109375 0.048046875
2 0.56878125 0.526984375 0.015625 0.05078125
3 0.6021484375 0.504296875 0.015234375 0.05078125
3 0.93671875 0.703125 0.0234375 0.065625
2 0.45703125 0.5150390625 0.0125 0.051953125
2 0.7234375 0.6462890625 0.0125 0.062890625
2 0.3796875 0.5767578125 0.015625 0.067578125
2 0.1607421875 0.524609375 0.012109375 0.05546875
2 0.3369140625 0.5818359375 0.014453125 0.057421875
2 0.5103203125 0.624640625 0.020703125 0.06015625
3 0.147265625 0.3484375 0.00859375 0.034375
0 0.5517578125 0.53046875 0.006640625 0.0125
5 0.8712207986720472 0.45805655335776646 0.8723586215113197 0.3895143431770694 0.8154987385528429 0.35917532053114726 0.8103296582838905 0.4264038133073294
4 0.6659609375 0.3138671875 0.015890625 0.034187499999999996