2 0.6892578125 0.3896484375 0.008203125 0.032421875
2 0.6724609375 0.4529296875 0.008984375 0.046484375
1 0.7931640625 0.4240234375 0.014453125 0.052734375
2 0.5548828125 0.5572265625 0.022265625 0.058203125
2 0.55859375 0.6076171875 0.0234375 0.052734375
2 0.6953125 0.4166015625 0.0125 0.051953125
2 0.7375 0.6095703125 0.015625 0.066015625
2 0.4994140625 0.469921875 0.014453125 0.05546875
2 0.6548828125 0.455859375 0.014453125 0.04921875
2 0.5861328125 0.4205078125 0.014453125 0.047265625
2 0.5927734375 0.6232421875 0.015234375 0.068359375
2 0.81796875 0.61796875 0.01875 0.065625
2 0.6771484375 0.5033203125 0.015234375 0.062890625
2 0.29765625 0.734375 0.0265625 0.0703125
3 0.50625 0.5255859375 0.015625 0.062109375
2 0.57890625 0.6494140625 0.0171875 0.076953125
2 0.7583984375 0.6091796875 0.015234375 0.062109375
2 0.8373046875 0.5029296875 0.013671875 0.062109375
2 0.28359375 0.7068359375 0.0203125 0.073046875
2 0.2908203125 0.469921875 0.014453125 0.06015625
2 0.4791015625 0.636328125 0.017578125 0.07578125
2 0.1328125 0.6107421875 0.0265625 0.073046875
0 0.5638671875 0.62578125 0.005859375 0.0109375
3 0.0205078125 0.33359375 0.012890625 0.0421875
4 0.6464296875 0.289453125 0.0107734375 0.0350546875
5 0.8049410304642464 0.417300920867646 0.8088762966287767 0.3358260430249894 0.8961857737016927 0.3777972427438068 0.8932915084269244 0.46559911657401365