2 0.703125 0.45390625 0.009375 0.05
2 0.7025390625 0.4033203125 0.014453125 0.051953125
1 0.7546875 0.41484375 0.0140625 0.05
2 0.6837890625 0.3970703125 0.014453125 0.051953125
0 0.7544921875 0.640625 0.007421875 0.0109375
2 0.709375 0.46953125 0.0125 0.059375
2 0.56953125 0.4658203125 0.0125 0.051953125
2 0.8955078125 0.5314453125 0.014453125 0.051953125
2 0.6634765625 0.4423828125 0.011328125 0.051953125
2 0.8052734375 0.5189453125 0.012109375 0.058203125
2 0.7421875 0.5748046875 0.015625 0.057421875
2 0.7857421875 0.465234375 0.012109375 0.05546875
2 0.5958984375 0.43515625 0.013671875 0.05
2 0.5787109375 0.4140625 0.012109375 0.05
2 0.87109375 0.5251953125 0.0140625 0.056640625
3 0.4986328125 0.4783203125 0.011328125 0.056640625
2 0.57734375 0.5111328125 0.0140625 0.051953125
2 0.3658203125 0.4349609375 0.014453125 0.052734375
2 0.734375 0.612109375 0.025 0.05546875
2 0.67578125 0.62734375 0.0203125 0.0609375
2 0.1474609375 0.510546875 0.015234375 0.05546875
2 0.18828125 0.6048828125 0.0171875 0.062890625
2 0.2357421875 0.5859375 0.015234375 0.059375
4 0.574609375 0.287890625 0.00859375 0.04609375
5 0.80859375 0.4578125 0.81171875 0.375 0.7421875 0.33984375 0.740625 0.41796875