2 0.6853515625 0.4248046875 0.017578125 0.037109375
1 0.7833984375 0.4470703125 0.016796875 0.033203125
2 0.67109375 0.422265625 0.0109375 0.04453125
2 0.6830078125 0.4591796875 0.017578125 0.041796875
2 0.553125 0.4193359375 0.0125 0.043359375
2 0.7294921875 0.455859375 0.019921875 0.04453125
2 0.8932656250000001 0.525390625 0.015234375 0.04453125
2 0.5462890625 0.4498046875 0.016015625 0.046484375
3 0.52265625 0.471484375 0.009375 0.05546875
2 0.8521484375 0.501953125 0.012109375 0.04921875
2 0.6001953125 0.42734375 0.009765625 0.040625
2 0.6587890625 0.4685546875 0.020703125 0.048046875
2 0.73515625 0.502640625 0.0109375 0.057421875
2 0.6326171875 0.5130859375 0.013671875 0.057421875
2 0.3982421875 0.4318359375 0.013671875 0.052734375
2 0.8412109375 0.53671875 0.015234375 0.0546875
2 0.6267578125 0.5857421875 0.016015625 0.062109375
2 0.1591796875 0.4859375 0.010546875 0.059375
2 0.7068359375 0.55859375 0.012109375 0.0703125
2 0.1984375 0.6115234375 0.015625 0.071484375
2 0.26171875 0.5595703125 0.0125 0.062890625
2 0.490625 0.6146484375 0.0171875 0.073046875
0 0.898046875 0.541796875 0.00703125 0.01484375
4 0.5676249999999999 0.3005390625 0.0073281250000000004 0.038578125000000005
5 0.80126953125 0.46435546875 0.8046875 0.39111328125 0.73828125 0.35546875 0.736328125 0.42626953125