2 0.29765625 0.45390625 0.009375 0.05
2 0.2970703125 0.4033203125 0.014453125 0.051953125
1 0.24609375 0.41484375 0.0140625 0.05
2 0.3158203125 0.3970703125 0.014453125 0.051953125
0 0.2451171875 0.640625 0.007421875 0.0109375
2 0.290625 0.46953125 0.0125 0.059375
2 0.43125 0.4658203125 0.0125 0.051953125
2 0.1048828125 0.5314453125 0.014453125 0.051953125
2 0.3361328125 0.4423828125 0.011328125 0.051953125
2 0.1951171875 0.5189453125 0.012109375 0.058203125
2 0.25859375 0.5748046875 0.015625 0.057421875
2 0.2146484375 0.465234375 0.012109375 0.05546875
2 0.4044921875 0.43515625 0.013671875 0.05
2 0.4208984375 0.4140625 0.012109375 0.05
2 0.1296875 0.5251953125 0.0140625 0.056640625
3 0.5017578125 0.4783203125 0.011328125 0.056640625
2 0.42265625 0.5111328125 0.0140625 0.051953125
2 0.6337890625 0.4349609375 0.014453125 0.052734375
2 0.265625 0.612109375 0.025 0.05546875
2 0.325 0.62734375 0.0203125 0.0609375
2 0.8521484375 0.510546875 0.015234375 0.05546875
2 0.8125 0.6048828125 0.0171875 0.062890625
2 0.7646484375 0.5859375 0.015234375 0.059375
4 0.42453906249999995 0.28893749999999996 0.010546875 0.034023437499999996
5 0.2647774127349615 0.411178236795406 0.26212459142476485 0.3363600999542749 0.1777648656647449 0.38093260786991623 0.18200939595259563 0.4647713939644903