2 0.39921875 0.349609375 0.0125 0.05078125
2 0.3666015625 0.3832578125 0.017578125 0.0498984375
1 0.25546875 0.435546875 0.0140625 0.04921875
2 0.2640625 0.466109375 0.0171875 0.052945312499999994
2 0.4533203125 0.3755859375 0.011328125 0.057421875
2 0.2375 0.47890625 0.0140625 0.0609375
2 0.4837890625 0.482421875 0.016015625 0.06484375
2 0.3275390625 0.48515625 0.025390625 0.065625
2 0.2693359375 0.5173828125 0.027734375 0.078515625
2 0.6404296875 0.3859375 0.021484375 0.0640625
2 0.3044921875 0.4427734375 0.023046875 0.057421875
3 0.7484375 0.3451171875 0.015625 0.062109375
2 0.4201171875 0.4470703125 0.016796875 0.072265625
2 0.52265625 0.36953125 0.0265625 0.0640625
2 0.3802734375 0.425390625 0.021484375 0.06015625
2 0.4181640625 0.48984375 0.028515625 0.0609375
2 0.6193359375 0.459765625 0.012109375 0.07578125
2 0.7677734375 0.3302734375 0.015234375 0.062109375
2 0.5611328125 0.5205078125 0.016015625 0.081640625
2 0.27890625 0.5623046875 0.0234375 0.096484375
2 0.9154296875 0.5517578125 0.024609375 0.083203125
0 0.3908203125 0.3744140625 0.006640625 0.009765625
4 0.544921875 0.25446875 0.0075703125 0.040953125
5 0.14416699004166836 0.5359932283411569 0.13469933135796505 0.42107696368114633 0.2500328011698138 0.3582388483584147 0.257779058411116 0.4727247216030944 0.25777905841111604 0.4632559627003946
2 0.2659296875 0.44828124999999996 0.015953125000000002 0.0396015625