2 0.7892578125 0.3251953125 0.014453125 0.042578125
2 0.8501953125 0.41875 0.009765625 0.059375
2 0.7798828125 0.31171875 0.011328125 0.0453125
2 0.66796875 0.237890625 0.0109375 0.03984375
2 0.6001953125 0.2271484375 0.017578125 0.046484375
2 0.68515625 0.2306640625 0.0078125 0.037890625
1 0.90546875 0.3375 0.009375 0.059375
2 0.8556640625 0.3658203125 0.009765625 0.053515625
2 0.5439453125 0.2494140625 0.011328125 0.042578125
2 0.6986328125 0.2900390625 0.008203125 0.053515625
2 0.4009765625 0.2412109375 0.014453125 0.041796875
2 0.8142578125 0.31328125 0.011328125 0.0546875
3 0.58046875 0.279296875 0.0109375 0.05078125
2 0.7677734375 0.377734375 0.012109375 0.06015625
2 0.8875 0.384765625 0.015625 0.06015625
2 0.6826171875 0.3275390625 0.016796875 0.056640625
2 0.5609375 0.4537109375 0.015625 0.068359375
2 0.271875 0.3416015625 0.0109375 0.062890625
2 0.2474609375 0.34765625 0.015234375 0.0640625
2 0.4900390625 0.30625 0.014453125 0.0546875
2 0.16171875 0.3025390625 0.0109375 0.058203125
0 0.5640625 0.2669921875 0.0046875 0.008984375
2 0.66484375 0.2248046875 0.0109375 0.049609375
4 0.6649609375 0.18817187500000002 0.00625 0.027578125
5 0.9970513330263181 0.41154750374051047 0.9977412955057818 0.3190045040788783 0.9068236266592027 0.27506215997432404 0.8983283448424869 0.35083106297179745