2 0.6015625 0.349609375 0.0125 0.05078125
2 0.6330078125 0.3822578125 0.017578125 0.051890625
1 0.74453125 0.435546875 0.0140625 0.04921875
2 0.73671875 0.4587890625 0.0171875 0.067578125
2 0.5470703125 0.3755859375 0.011328125 0.057421875
2 0.76328125 0.47890625 0.0140625 0.0609375
2 0.5158203125 0.482421875 0.016015625 0.06484375
2 0.6728515625 0.48515625 0.025390625 0.065625
2 0.7310546875 0.5173828125 0.027734375 0.078515625
2 0.3599609375 0.3859375 0.021484375 0.0640625
2 0.6958984375 0.4427734375 0.023046875 0.057421875
3 0.25234375 0.3451171875 0.015625 0.062109375
2 0.5794921875 0.4470703125 0.016796875 0.072265625
2 0.478125 0.36953125 0.0265625 0.0640625
2 0.6193359375 0.425390625 0.021484375 0.06015625
2 0.5814453125 0.48984375 0.028515625 0.0609375
2 0.3802734375 0.459765625 0.012109375 0.07578125
2 0.2326171875 0.3302734375 0.015234375 0.062109375
2 0.4384765625 0.5205078125 0.016015625 0.081640625
2 0.72109375 0.5623046875 0.0234375 0.096484375
2 0.0849609375 0.5517578125 0.024609375 0.083203125
0 0.6087890625 0.3744140625 0.006640625 0.009765625
4 0.45550781249999994 0.25877343750000004 0.0053359375 0.0330859375
5 0.741318022747256 0.4597181625997768 0.7509733893162456 0.3583251585107351 0.8694373851029373 0.4181210258147831 0.8594106637298626 0.5347415535706859