2 0.6015625 0.349609375 0.0125 0.05078125
2 0.6330078125 0.3869140625 0.017578125 0.042578125
1 0.74453125 0.435546875 0.0140625 0.04921875
2 0.73671875 0.4587890625 0.0171875 0.067578125
2 0.5470703125 0.3755859375 0.011328125 0.057421875
2 0.76328125 0.47890625 0.0140625 0.0609375
2 0.5153203125 0.481921875 0.016015625 0.06484375
2 0.6728515625 0.48515625 0.025390625 0.065625
2 0.7310546875 0.5173828125 0.027734375 0.078515625
2 0.36046093749999997 0.3854375 0.021484375 0.0640625
2 0.6958984375 0.4427734375 0.023046875 0.057421875
3 0.25234375 0.3451171875 0.015625 0.062109375
2 0.5789921875 0.4465703125 0.016796875 0.072265625
2 0.478125 0.36953125 0.0265625 0.0640625
2 0.6193359375 0.425390625 0.021484375 0.06015625
2 0.5814453125 0.48984375 0.028515625 0.0609375
2 0.3802734375 0.459765625 0.012109375 0.07578125
2 0.2326171875 0.3302734375 0.015234375 0.062109375
2 0.4384765625 0.5205078125 0.016015625 0.081640625
2 0.72109375 0.5623046875 0.0234375 0.096484375
2 0.0849609375 0.5517578125 0.024609375 0.083203125
0 0.6087890625 0.3744140625 0.006640625 0.009765625
4 0.45584375 0.256984375 0.007984375 0.04484375
5 0.8546294342202929 0.5225328240993588 0.8614077292542733 0.42852673875788233 0.7585232452971681 0.36875629340344274 0.748052703235952 0.45939032276311675