2 0.7185546875 0.373046875 0.012109375 0.05546875
2 0.54453125 0.2908203125 0.0109375 0.042578125
2 0.6923828125 0.38671875 0.011328125 0.0546875
2 0.8201171875 0.4787109375 0.015234375 0.068359375
2 0.6 0.332421875 0.0109375 0.05078125
1 0.953125 0.436328125 0.0125 0.06484375
2 0.5017578125 0.2982421875 0.011328125 0.046484375
2 0.4427734375 0.30546875 0.015234375 0.05
2 0.474609375 0.3935546875 0.01484375 0.058984375
2 0.9119140625 0.478125 0.022265625 0.065625
2 0.55625 0.4853515625 0.0203125 0.067578125
2 0.428125 0.3763671875 0.0140625 0.062109375
2 0.7365234375 0.4025390625 0.021484375 0.062890625
2 0.6404296875 0.434375 0.013671875 0.0640625
2 0.8263671875 0.4166015625 0.013671875 0.062890625
2 0.8072265625 0.5119140625 0.019140625 0.067578125
2 0.8923828125 0.465625 0.017578125 0.065625
3 0.44453125 0.371875 0.0125 0.0640625
2 0.0857421875 0.48203125 0.016796875 0.0703125
2 0.6755859375 0.5251953125 0.021484375 0.076953125
2 0.4173828125 0.4802734375 0.020703125 0.071484375
0 0.53125 0.30625 0.0046875 0.009375
2 0.7384765625 0.36796875 0.014453125 0.053125
4 0.692828125 0.25801562499999997 0.007117187499999999 0.036765625
5 0.9359489094671524 0.4418469486258558 0.9498111644659245 0.3454951431580133 1 0.3670621363771608 1 0.4808879821683445