2 0.2818359375 0.373046875 0.012109375 0.05546875
2 0.45625 0.2908203125 0.0109375 0.042578125
2 0.3080078125 0.38671875 0.011328125 0.0546875
2 0.1802734375 0.4787109375 0.015234375 0.068359375
2 0.40078125 0.332421875 0.0109375 0.05078125
1 0.046875 0.436328125 0.0125 0.06484375
2 0.4978515625 0.2982421875 0.011328125 0.046484375
2 0.5576171875 0.30546875 0.015234375 0.05
2 0.525390625 0.3935546875 0.01484375 0.058984375
2 0.0884765625 0.478125 0.022265625 0.065625
2 0.44453125 0.4853515625 0.0203125 0.067578125
2 0.57265625 0.3763671875 0.0140625 0.062109375
2 0.2638671875 0.4025390625 0.021484375 0.062890625
2 0.3599609375 0.434375 0.013671875 0.0640625
2 0.1740234375 0.4166015625 0.013671875 0.062890625
2 0.1923828125 0.5119140625 0.019140625 0.067578125
2 0.1080078125 0.465625 0.017578125 0.065625
3 0.55625 0.371875 0.0125 0.0640625
2 0.9146484375 0.48203125 0.016796875 0.0703125
2 0.3248046875 0.5251953125 0.021484375 0.076953125
2 0.5822265625 0.4802734375 0.020703125 0.071484375
0 0.46953125 0.30625 0.0046875 0.009375
2 0.2619140625 0.36796875 0.014453125 0.053125
4 0.30749218749999996 0.2618515625 0.007117187499999999 0.0347109375
5 0.06438752836567682 0.447122820505061 0.058382740502718335 0.3427269137586746 0 0.36728460169169785 0 0.4798793144500997