2 0.2111328125 0.3251953125 0.014453125 0.042578125
2 0.1494140625 0.41875 0.009765625 0.059375
2 0.2205078125 0.31171875 0.011328125 0.0453125
2 0.3328125 0.237890625 0.0109375 0.03984375
2 0.4001953125 0.2271484375 0.017578125 0.046484375
2 0.31484375 0.2306640625 0.0078125 0.037890625
1 0.0953125 0.3375 0.009375 0.059375
2 0.1447265625 0.3658203125 0.009765625 0.053515625
2 0.4556640625 0.2494140625 0.011328125 0.042578125
2 0.3017578125 0.2900390625 0.008203125 0.053515625
2 0.5986328125 0.2412109375 0.014453125 0.041796875
2 0.1853515625 0.31328125 0.011328125 0.0546875
3 0.4203125 0.279296875 0.0109375 0.05078125
2 0.2318359375 0.377734375 0.012109375 0.06015625
2 0.11328125 0.384765625 0.015625 0.06015625
2 0.3169921875 0.3275390625 0.016796875 0.056640625
2 0.4390625 0.4537109375 0.015625 0.068359375
2 0.72890625 0.3416015625 0.0109375 0.062890625
2 0.7521484375 0.34765625 0.015234375 0.0640625
2 0.5095703125 0.30625 0.014453125 0.0546875
2 0.8390625 0.3025390625 0.0109375 0.058203125
0 0.43671875 0.2669921875 0.0046875 0.008984375
2 0.33515625 0.2248046875 0.0109375 0.049609375
4 0.3359375 0.18465625000000002 0.009945312500000001 0.03409375
5 0.09161931818181816 0.27627840909090906 0.09943181818181818 0.37002840909090906 0.0028409090909090827 0.41761363636363635 1.1102230246251566e-17 0.32102272727272724