0 0.5076171875 0.3703125 0.005859375 0.0109375
2 0.690625 0.390625 0.015625 0.0640625
2 0.7607421875 0.4734375 0.026171875 0.065625
2 0.7193359375 0.4099609375 0.015234375 0.073046875
2 0.5369140625 0.3556640625 0.019140625 0.056640625
2 0.6033203125 0.33984375 0.011328125 0.059375
2 0.7033203125 0.403125 0.020703125 0.075
2 0.6537109375 0.3705078125 0.019921875 0.067578125
2 0.8138671875 0.4625 0.016796875 0.075
2 0.8001953125 0.4931640625 0.017578125 0.081640625
2 0.6263671875 0.361328125 0.024609375 0.06484375
2 0.515625 0.478125 0.0203125 0.0796875
2 0.8484375 0.490625 0.0203125 0.075
2 0.757921875 0.534765625 0.020703125 0.08515625
2 0.4470703125 0.3796875 0.016015625 0.065625
2 0.53125 0.4251953125 0.025 0.072265625
2 0.2650390625 0.3291015625 0.020703125 0.058203125
3 0.3228515625 0.3560546875 0.017578125 0.071484375
2 0.3427734375 0.438671875 0.030859375 0.08046875
2 0.3931640625 0.506640625 0.031640625 0.08515625
2 0.70390625 0.565625 0.0265625 0.0890625
2 0.0248046875 0.5794921875 0.035546875 0.093359375
1 0.79140625 0.422265625 0.0171875 0.07578125
4 0.46936718749999995 0.21807812499999998 0.0136015625 0.06153125
5 0.9170462047945387 0.517004199629729 0.9235451389791219 0.4018724514577986 0.7987597619979228 0.3377078616820707 0.7890000510642508 0.4465086681587591