1 0.2126953125 0.3388671875 0.008203125 0.037109375
2 0.4326171875 0.3125 0.008984375 0.0359375
2 0.4380859375 0.3244140625 0.007421875 0.028515625
2 0.3458984375 0.33203125 0.010546875 0.0390625
2 0.315625 0.33984375 0.009375 0.034375
2 0.351859375 0.3587890625 0.010546875 0.037890625
2 0.41953125 0.36328125 0.0109375 0.0390625
2 0.728125 0.34375 0.0078125 0.0390625
2 0.3001953125 0.3408203125 0.008203125 0.037890625
2 0.290625 0.377640625 0.009375 0.041796875
2 0.2783203125 0.3677734375 0.008203125 0.041796875
2 0.5890625 0.353515625 0.0109375 0.04453125
2 0.496875 0.3396484375 0.0078125 0.037109375
3 0.4689453125 0.3625 0.011328125 0.040625
2 0.5287109375 0.3662109375 0.008984375 0.043359375
2 0.8943359375 0.38203125 0.007421875 0.0453125
2 0.8519609375 0.3654296875 0.012890625 0.041796875
2 0.8994140625 0.4484375 0.016015625 0.059375
2 0.8599609375 0.464453125 0.010546875 0.06015625
2 0.86484375 0.490234375 0.015625 0.06484375
2 0.3673828125 0.3173828125 0.011328125 0.025390625
2 0.377375 0.3130546875 0.01171875 0.031640625
0 0.3828125 0.326953125 0.003125 0.00703125
3 0.437890625 0.2724609375 0.00703125 0.027734375
5 0.1463686069517888 0.37774168274134945 0.12431082783615613 0.37140772550562307 0.1253166409283207 0.32511982526114236 0.14241529723233698 0.3237781419863534 0.19941079266683515 0.299292530980994 0.20611614507089376 0.34994086988043904
4 0.36090625 0.2689921875 0.0062421875 0.0245625