1 0.2126953125 0.3388671875 0.008203125 0.037109375
2 0.4326171875 0.3125 0.008984375 0.0359375
2 0.4358984375 0.3244140625 0.0117890625 0.028515625
2 0.3458984375 0.33203125 0.010546875 0.0390625
2 0.315625 0.33984375 0.009375 0.034375
2 0.3513671875 0.3587890625 0.010546875 0.037890625
2 0.41953125 0.36328125 0.0109375 0.0390625
2 0.728125 0.34375 0.0078125 0.0390625
2 0.3001953125 0.3408203125 0.008203125 0.037890625
2 0.290625 0.3771484375 0.009375 0.041796875
2 0.2783203125 0.3677734375 0.008203125 0.041796875
2 0.5890625 0.353515625 0.0109375 0.04453125
2 0.496875 0.3396484375 0.0078125 0.037109375
3 0.4689453125 0.3625 0.011328125 0.040625
2 0.5287109375 0.3662109375 0.008984375 0.043359375
2 0.8943359375 0.38203125 0.007421875 0.0453125
2 0.8509765625 0.3654296875 0.012890625 0.041796875
2 0.8994140625 0.4484375 0.016015625 0.059375
2 0.8599609375 0.464453125 0.010546875 0.06015625
2 0.86484375 0.490234375 0.015625 0.06484375
2 0.3673828125 0.3173828125 0.011328125 0.025390625
2 0.376953125 0.3134765625 0.01171875 0.031640625
0 0.3828125 0.326953125 0.003125 0.00703125
3 0.43776562500000005 0.271203125 0.00703125 0.027734375
4 0.36065625 0.2688515625 0.0064843750000000006 0.025328125
5 0.13709904157144487 0.38717242271475194 0.1318161023241815 0.31331456692878784 0.20647273437628177 0.2870808655187426 0.21017193160682535 0.35468310767170463