2 0.3466796875 0.33125 0.007421875 0.034375
1 0.1986328125 0.34296875 0.009765625 0.0359375
2 0.34140625 0.345703125 0.0078125 0.03515625
3 0.4197265625 0.2775390625 0.006640625 0.026953125
2 0.4412109375 0.3103515625 0.005859375 0.028515625
2 0.32734375 0.3271484375 0.0078125 0.037109375
2 0.683390625 0.3193359375 0.0078125 0.027734375
2 0.5005859375 0.3171875 0.007421875 0.034375
2 0.296875 0.346875 0.0125 0.0390625
2 0.3630859375 0.3546875 0.008984375 0.0359375
2 0.3298828125 0.3810546875 0.012890625 0.041796875
2 0.3876953125 0.327734375 0.008203125 0.03984375
2 0.4994140625 0.3580078125 0.008203125 0.042578125
2 0.56484375 0.3228515625 0.0078125 0.037890625
2 0.265625 0.371484375 0.009375 0.04453125
2 0.80078125 0.34765625 0.0078125 0.0390625
2 0.7677734375 0.341015625 0.012109375 0.03515625
2 0.8165390625000001 0.4548828125 0.012109375 0.058203125
2 0.7998046875 0.4380859375 0.012109375 0.057421875
2 0.8671875 0.4119140625 0.0125 0.051953125
3 0.9650390625 0.8716796875 0.025390625 0.112109375
3 0.5001953125 0.342578125 0.017578125 0.03984375
2 0.4640625 0.2888671875 0.0109375 0.027734375
2 0.47578125 0.2962890625 0.009375 0.031640625
0 0.4828125 0.2986328125 0.0046875 0.008203125
4 0.3361796875 0.276671875 0.0087578125 0.028625
5 0.11288660513802815 0.38855719319500615 0.11089623386471632 0.33220399456099675 0.179061503522776 0.305189060071733 0.18070800786353747 0.35592437794593385