2 0.7357421875 0.3453125 0.007421875 0.0359375
2 0.5806640625 0.32265625 0.006640625 0.0359375
2 0.6716796875 0.353125 0.007421875 0.0359375
2 0.7689453125 0.3748046875 0.008203125 0.041796875
2 0.6666015625 0.3908203125 0.009765625 0.037890625
2 0.303125 0.31484375 0.0125 0.034375
2 0.74609375 0.36015625 0.0109375 0.040625
2 0.5197265625 0.5892578125 0.009765625 0.053515625
2 0.7248046875 0.4560546875 0.013671875 0.043359375
2 0.4494140625 0.4326171875 0.011328125 0.048046875
2 0.459375 0.394140625 0.0078125 0.03984375
2 0.6966796875 0.5171875 0.010546875 0.0546875
2 0.7861328125 0.4728515625 0.009765625 0.051953125
1 0.1955078125 0.3951171875 0.014453125 0.046484375
3 0.6296875 0.3865234375 0.0109375 0.043359375
2 0.3044921875 0.4388671875 0.008984375 0.048046875
3 0.8880859375 0.9390625 0.027734375 0.090625
2 0.7107421875 0.60078125 0.016796875 0.0640625
2 0.7439453125 0.571875 0.016015625 0.0609375
2 0.11953125 0.538671875 0.0109375 0.06015625
2 0.62734375 0.5677734375 0.0171875 0.057421875
2 0.4353515625 0.828125 0.028515625 0.075
0 0.268359375 0.380078125 0.00546875 0.01171875
3 0.3580078125 0.2537109375 0.008203125 0.029296875
5 0.10085227272727275 0.3103693181818182 0.10582386363636365 0.37002840909090906 0.0411931818181818 0.4126420454545454 0.0340909090909091 0.33948863636363635
4 0.2552109375 0.2486953125 0.013890625 0.030382812500000002