3 0.5189453125 0.2896484375 0.006640625 0.027734375
2 0.4974609375 0.351171875 0.010546875 0.03515625
2 0.365625 0.3341796875 0.0078125 0.032421875
2 0.4439453125 0.5982421875 0.014453125 0.043359375
2 0.3830078125 0.4509765625 0.006640625 0.042578125
2 0.6044921875 0.43828125 0.010546875 0.0453125
2 0.7171875 0.674609375 0.0109375 0.05078125
2 0.2125 0.39296875 0.009375 0.0390625
2 0.4853515625 0.46328125 0.009765625 0.0453125
2 0.3265625 0.415234375 0.00625 0.03984375
2 0.59765625 0.4072265625 0.009375 0.047265625
2 0.3501953125 0.755078125 0.014453125 0.07421875
2 0.7162109375 0.7283203125 0.015234375 0.067578125
2 0.61640625 0.4966796875 0.0109375 0.048046875
2 0.3724609375 0.47734375 0.008984375 0.05
2 0.3076171875 0.5234375 0.013671875 0.0453125
1 0.8326171875 0.4064453125 0.010546875 0.042578125
3 0.0265625 0.9625 0.0171875 0.075
2 0.6251953125 0.4962890625 0.008203125 0.051953125
2 0.5076171875 0.398046875 0.007421875 0.03984375
3 0.52734375 0.479296875 0.0109375 0.05078125
2 0.5541015625 0.5296875 0.012890625 0.05
2 0.1650390625 0.5482421875 0.020703125 0.052734375
0 0.1654296875 0.5705078125 0.005859375 0.011328125
5 0.9033203125 0.3369140625 0.9716796875 0.3740234375 0.9638671875 0.4375 0.8935546875 0.388671875
4 0.7529296875 0.2778359375 0.009765625 0.0283203125