2 0.7861328125 0.3783203125 0.008203125 0.044140625
2 0.778125 0.3466796875 0.0078125 0.037109375
2 0.790625 0.3677734375 0.0109375 0.046484375
2 0.7443359375 0.5228515625 0.008984375 0.053515625
2 0.5666015625 0.2810546875 0.006640625 0.032421875
1 0.1751953125 0.378125 0.014453125 0.040625
2 0.7548828125 0.5142578125 0.009765625 0.051953125
2 0.4806640625 0.6236328125 0.009765625 0.058203125
2 0.2953125 0.3291015625 0.009375 0.037890625
2 0.7904296875 0.485546875 0.008984375 0.05546875
3 0.5794921875 0.3810546875 0.008984375 0.043359375
2 0.6525390625 0.3958984375 0.009765625 0.043359375
2 0.0845703125 0.45703125 0.011328125 0.05
2 0.6943359375 0.3583984375 0.008984375 0.037109375
2 0.41953125 0.3826171875 0.0078125 0.043359375
2 0.53046875 0.31796875 0.0078125 0.0359375
2 0.7306640625 0.6216796875 0.019140625 0.062109375
3 0.8603515625 0.9244140625 0.022265625 0.087890625
2 0.3560546875 0.775390625 0.019921875 0.07421875
2 0.78125 0.57578125 0.0140625 0.059375
2 0.66953125 0.6455078125 0.015625 0.067578125
2 0.3515625 0.4466796875 0.0125 0.052734375
2 0.4072265625 0.4419921875 0.012890625 0.052734375
0 0.183984375 0.395703125 0.00546875 0.01015625
3 0.362109375 0.2421875 0.00859375 0.034375
4 0.288515625 0.23620312499999999 0.00828125 0.033328125
5 0.07735529023832774 0.39825642955570045 0.06975712454670446 0.32950320141107187 0.1370552069081504 0.2904224218580488 0.14392974828799926 0.3537477635702067