2 0.5125 0.387890625 0.0109375 0.03515625
2 0.4267578125 0.370703125 0.008203125 0.03515625
2 0.5880859375 0.4109375 0.013671875 0.0359375
2 0.2576171875 0.7939453125 0.013671875 0.078515625
2 0.7966796875 0.557421875 0.021484375 0.04921875
2 0.6232421875 0.558984375 0.016796875 0.05078125
2 0.6599609375 0.5197265625 0.013671875 0.051953125
2 0.5373046875 0.4244140625 0.008984375 0.042578125
2 0.34375 0.597265625 0.0125 0.06015625
2 0.3310546875 0.43828125 0.010546875 0.0390625
2 0.2275390625 0.5421875 0.012890625 0.0546875
2 0.2564453125 0.7259765625 0.016015625 0.072265625
3 0.4896484375 0.5072265625 0.013671875 0.051953125
2 0.6400390625 0.7037109375 0.019140625 0.068359375
2 0.6037109375 0.6828125 0.012109375 0.0640625
2 0.7052734375 0.538671875 0.012109375 0.05078125
2 0.7041015625 0.4671875 0.016015625 0.0453125
2 0.68515625 0.624609375 0.015625 0.05546875
2 0.6220703125 0.617578125 0.014453125 0.06015625
2 0.86015625 0.60234375 0.0203125 0.0546875
2 0.5228515625 0.565234375 0.011328125 0.06015625
0 0.86875 0.5330078125 0.0046875 0.009765625
1 0.845703125 0.4294921875 0.02109375 0.033984375
3 0.182421875 0.3294921875 0.00859375 0.035546875
4 0.6702265625 0.286546875 0.0058046875 0.027796875
5 0.8213389759783951 0.40201425000142244 0.8273166786465795 0.3371529429992514 0.9019464531118411 0.3725744986566556 0.8943569575334506 0.44088752470560644