2 0.48828125 0.387890625 0.0109375 0.03515625
2 0.5728515625 0.370703125 0.008203125 0.03515625
2 0.4123046875 0.4109375 0.013671875 0.0359375
2 0.7419921875 0.7939453125 0.013671875 0.078515625
2 0.2037109375 0.557421875 0.021484375 0.04921875
2 0.3763671875 0.558984375 0.016796875 0.05078125
2 0.3404296875 0.5197265625 0.013671875 0.051953125
2 0.4630859375 0.4244140625 0.008984375 0.042578125
2 0.65703125 0.597265625 0.0125 0.06015625
2 0.6693359375 0.43828125 0.010546875 0.0390625
2 0.7720703125 0.5421875 0.012890625 0.0546875
2 0.7431640625 0.7259765625 0.016015625 0.072265625
3 0.5107421875 0.5072265625 0.013671875 0.051953125
2 0.3603515625 0.7037109375 0.019140625 0.068359375
2 0.3966796875 0.6828125 0.012109375 0.0640625
2 0.2943359375 0.538671875 0.012109375 0.05078125
2 0.2955078125 0.4671875 0.016015625 0.0453125
2 0.315625 0.624609375 0.015625 0.05546875
2 0.3775390625 0.617578125 0.014453125 0.06015625
2 0.13984375 0.60234375 0.0203125 0.0546875
2 0.4767578125 0.565234375 0.011328125 0.06015625
0 0.13125 0.5330078125 0.0046875 0.009765625
1 0.155078125 0.4294921875 0.02109375 0.033984375
3 0.818359375 0.3294921875 0.00859375 0.035546875
4 0.329453125 0.28609375 0.00971875 0.029703125000000004
5 0.10509381514968641 0.4322377253149046 0.1000685228579344 0.37190231374843985 0.16554821528515357 0.3417432843335749 0.1699959000473104 0.39711724028972445