2 0.3611328125 0.58984375 0.009765625 0.0390625
0 0.5296875 0.72890625 0.00625 0.0109375
2 0.4216796875 0.3734375 0.008984375 0.040625
2 0.3638671875 0.6342109375 0.023046875 0.06484375
2 0.1978515625 0.705859375 0.011328125 0.06484375
2 0.6423828125 0.3875 0.008203125 0.0390625
1 0.1423828125 0.4123046875 0.014453125 0.043359375
2 0.45390625 0.5626953125 0.0109375 0.051953125
2 0.4416015625 0.425390625 0.008203125 0.04453125
2 0.2369140625 0.592578125 0.009765625 0.06015625
2 0.3537109375 0.41484375 0.012109375 0.0453125
2 0.3390625 0.42109375 0.009375 0.0453125
2 0.3037109375 0.487109375 0.008984375 0.05078125
3 0.4537109375 0.500390625 0.012109375 0.04921875
3 0.8341796875 0.9400390625 0.019921875 0.081640625
2 0.2072265625 0.6099609375 0.014453125 0.062109375
2 0.7572265625 0.64453125 0.016015625 0.0640625
2 0.4046875 0.6857421875 0.0234375 0.068359375
2 0.7333984375 0.46796875 0.012109375 0.05
2 0.59921875 0.5091796875 0.015625 0.046484375
2 0.3775390625 0.7400390625 0.011328125 0.072265625
2 0.5392578125 0.7044921875 0.011328125 0.068359375
2 0.50625 0.575 0.0125 0.0546875
2 0.6837890625 0.6228515625 0.012890625 0.067578125
3 0.4546875 0.2916015625 0.009375 0.031640625
5 0.05637623987168401 0.4306838659663995 0.05275186261591153 0.3685921193180244 0.1146148390366805 0.3348333911010681 0.1197274823608164 0.3885404711356955
4 0.2681640625 0.2834453125 0.005375 0.0193515625