2 0.5986328125 0.276953125 0.008203125 0.03046875
2 0.2982421875 0.309375 0.010546875 0.0390625
2 0.6572265625 0.3927734375 0.009765625 0.043359375
2 0.5693359375 0.31796875 0.010546875 0.034375
2 0.7927734375 0.37265625 0.008984375 0.040625
2 0.7572265625 0.3427734375 0.006640625 0.037109375
2 0.7515625 0.524609375 0.0078125 0.05546875
2 0.7431640625 0.473828125 0.009765625 0.04921875
2 0.78515625 0.3591796875 0.0078125 0.041796875
2 0.77578125 0.577734375 0.0109375 0.06015625
1 0.2109375 0.3841796875 0.0140625 0.048046875
2 0.1021484375 0.4669921875 0.010546875 0.048046875
2 0.7046875 0.3529296875 0.0078125 0.037109375
2 0.3423828125 0.422265625 0.008203125 0.04921875
2 0.45078125 0.380859375 0.0078125 0.03984375
3 0.6279296875 0.3861328125 0.007421875 0.042578125
2 0.7966796875 0.489453125 0.008984375 0.05546875
2 0.4306640625 0.417578125 0.008203125 0.04921875
2 0.7244140625 0.6126953125 0.016015625 0.062890625
2 0.3501953125 0.7661015625 0.019140625 0.07421875
2 0.6451171875 0.6033203125 0.012109375 0.062890625
2 0.5091796875 0.6232421875 0.013671875 0.062109375
3 0.8533203125 0.93125 0.025390625 0.0859375
0 0.228515625 0.4044921875 0.00546875 0.010546875
3 0.359375 0.244921875 0.009375 0.03359375
5 0.13581730769230768 0.3010817307692307 0.14062500000000003 0.35516826923076916 0.078125 0.3972355769230769 0.07331730769230768 0.33413461538461536
4 0.288765625 0.2436875 0.011421875 0.029445312499999998