2 0.2646484375 0.3453125 0.007421875 0.0359375
2 0.4189453125 0.32265625 0.006640625 0.0359375
2 0.3287109375 0.353125 0.007421875 0.0359375
2 0.2306640625 0.3748046875 0.008203125 0.041796875
2 0.3330078125 0.3908203125 0.009765625 0.037890625
2 0.69765625 0.31484375 0.0125 0.034375
2 0.2546875 0.36015625 0.0109375 0.040625
2 0.4806640625 0.5892578125 0.009765625 0.053515625
2 0.2755859375 0.4560546875 0.013671875 0.043359375
2 0.5501953125 0.4326171875 0.011328125 0.048046875
2 0.54140625 0.394140625 0.0078125 0.03984375
2 0.3037109375 0.5171875 0.010546875 0.0546875
2 0.2134765625 0.4728515625 0.009765625 0.051953125
1 0.8048828125 0.3951171875 0.014453125 0.046484375
3 0.37109375 0.3865234375 0.0109375 0.043359375
2 0.6958984375 0.4388671875 0.008984375 0.048046875
3 0.1115234375 0.9390625 0.027734375 0.090625
2 0.2888671875 0.60078125 0.016796875 0.0640625
2 0.2556640625 0.571875 0.016015625 0.0609375
2 0.88046875 0.538671875 0.0109375 0.06015625
2 0.37265625 0.5677734375 0.0171875 0.057421875
2 0.5642578125 0.828125 0.028515625 0.075
0 0.731640625 0.380078125 0.00546875 0.01171875
2 0.6416015625 0.2537109375 0.008203125 0.029296875
5 0.8897141309875876 0.3642707683418449 0.897118572599623 0.30317713221107434 0.9682012007768822 0.3435359641533101 0.9593158651932991 0.41203488951205286
4 0.7448750000000001 0.2455 0.0073359375000000004 0.03278125