3 0.4806640625 0.2896484375 0.006640625 0.027734375
2 0.5029296875 0.351171875 0.010546875 0.03515625
2 0.63515625 0.3341796875 0.0078125 0.032421875
2 0.5564453125 0.5982421875 0.014453125 0.043359375
2 0.6166015625 0.4509765625 0.006640625 0.042578125
2 0.3951171875 0.43864843750000004 0.010546875 0.0453125
2 0.28445312500000003 0.674609375 0.0109375 0.05078125
2 0.7875 0.39296875 0.009375 0.0390625
2 0.5142578125 0.46328125 0.009765625 0.0453125
2 0.67421875 0.415234375 0.00625 0.03984375
2 0.403125 0.4072265625 0.009375 0.047265625
2 0.6501953125 0.755078125 0.014453125 0.07421875
2 0.2833984375 0.7283203125 0.015234375 0.067578125
2 0.384375 0.4966796875 0.0109375 0.048046875
2 0.6279296875 0.47734375 0.008984375 0.05
2 0.6919921875 0.5234375 0.013671875 0.0453125
1 0.1669921875 0.4064453125 0.010546875 0.042578125
3 0.97421875 0.9625 0.0171875 0.075
2 0.3744140625 0.49592187499999996 0.008203125 0.051953125
2 0.4927734375 0.398046875 0.007421875 0.03984375
3 0.4734375 0.479296875 0.0109375 0.05078125
2 0.4455078125 0.5296875 0.012890625 0.05
2 0.8345703125 0.5482421875 0.020703125 0.052734375
0 0.8349609375 0.5705078125 0.005859375 0.011328125
5 0.037319256754486996 0.4299433526996605 0.030932336668053034 0.3666740785570286 0.09266685597734038 0.33288635768632807 0.10101918437793822 0.3884726054686166
4 0.248125 0.2764140625 0.00878125 0.025570312499999998