2 0.2142578125 0.3783203125 0.008203125 0.044140625
2 0.22265625 0.3466796875 0.0078125 0.037109375
2 0.21015625 0.3677734375 0.0109375 0.046484375
2 0.2560546875 0.5228515625 0.008984375 0.053515625
2 0.4330078125 0.2810546875 0.006640625 0.032421875
1 0.8251953125 0.378125 0.014453125 0.040625
2 0.2447265625 0.5142578125 0.009765625 0.051953125
2 0.5189453125 0.6236328125 0.009765625 0.058203125
2 0.7046875 0.3291015625 0.009375 0.037890625
2 0.2099609375 0.485546875 0.008984375 0.05546875
3 0.4208984375 0.3810546875 0.008984375 0.043359375
2 0.3478515625 0.3958984375 0.009765625 0.043359375
2 0.9150390625 0.45703125 0.011328125 0.05
2 0.3052734375 0.3583984375 0.008984375 0.037109375
2 0.58125 0.3826171875 0.0078125 0.043359375
2 0.46953125 0.31796875 0.0078125 0.0359375
2 0.2697265625 0.6216796875 0.019140625 0.062109375
3 0.1400390625 0.9244140625 0.022265625 0.087890625
2 0.6435546875 0.775390625 0.019921875 0.07421875
2 0.21953125 0.57578125 0.0140625 0.059375
2 0.33125 0.6455078125 0.015625 0.067578125
2 0.6484375 0.4466796875 0.0125 0.052734375
2 0.5931640625 0.4419921875 0.012890625 0.052734375
0 0.816796875 0.395703125 0.00546875 0.01015625
3 0.637890625 0.2421875 0.00859375 0.034375
4 0.7121328124999999 0.238203125 0.0061484375 0.026578125
5 0.8528252345742372 0.3528367962871516 0.8605390059028833 0.2894891517587307 0.9325269892917994 0.3304672407079756 0.9248444845238983 0.3987640664788719