2 0.6552734375 0.3359375 0.010546875 0.034375
2 0.4642578125 0.478515625 0.012890625 0.04453125
1 0.1544921875 0.40546875 0.012109375 0.0359375
2 0.47890625 0.3529296875 0.0078125 0.037109375
2 0.6689453125 0.4681640625 0.009765625 0.047265625
2 0.6734375 0.423046875 0.0125 0.04453125
2 0.411390625 0.419359375 0.009375 0.047265625
2 0.7697265625 0.39453125 0.009765625 0.040625
3 0.4802734375 0.4775390625 0.008984375 0.047265625
2 0.5986328125 0.434765625 0.008203125 0.03984375
2 0.3880859375 0.4138671875 0.010546875 0.046484375
2 0.2375 0.6646484375 0.0109375 0.062109375
2 0.3595703125 0.43828125 0.011328125 0.0453125
2 0.4279921875 0.5216796875 0.022265625 0.052734375
2 0.3064453125 0.508203125 0.011328125 0.04921875
2 0.5216796875 0.40546875 0.013671875 0.0390625
2 0.66484375 0.5525390625 0.0125 0.058203125
2 0.6537109375 0.7009765625 0.024609375 0.062890625
2 0.34609375 0.4853515625 0.0109375 0.051953125
2 0.8568359375 0.539453125 0.012109375 0.05546875
2 0.5955078125 0.6669921875 0.026953125 0.057421875
2 0.2392578125 0.7751953125 0.025390625 0.067578125
3 0.9609375 0.94765625 0.0265625 0.0859375
0 0.64765625 0.721875 0.00625 0.0109375
4 0.24879687499999997 0.2689296875 0.0084140625 0.0234375
5 0.040624999999999994 0.4208333333333333 0.03437499999999999 0.3619791666666667 0.0953125 0.3276041666666666 0.1015625 0.3822916666666667