2 0.4009765625 0.276953125 0.008203125 0.03046875
2 0.7013671875 0.309375 0.010546875 0.0390625
2 0.3423828125 0.3927734375 0.009765625 0.043359375
2 0.4310546875 0.3169765625 0.010546875 0.034375
2 0.2068359375 0.37265625 0.008984375 0.040625
2 0.2431640625 0.3427734375 0.006640625 0.037109375
2 0.24921875 0.524609375 0.0078125 0.05546875
2 0.2564453125 0.473828125 0.009765625 0.04921875
2 0.21484375 0.3591796875 0.0078125 0.041796875
2 0.225 0.577734375 0.0109375 0.06015625
1 0.78984375 0.3841796875 0.0140625 0.048046875
2 0.8982421875 0.4669921875 0.010546875 0.048046875
2 0.29609375 0.3529296875 0.0078125 0.037109375
2 0.656234375 0.4212734375 0.008203125 0.04921875
2 0.55 0.380859375 0.0078125 0.03984375
3 0.3716796875 0.3861328125 0.007421875 0.042578125
2 0.2037109375 0.489453125 0.008984375 0.05546875
2 0.5689453125 0.417578125 0.008203125 0.04921875
2 0.2759765625 0.6126953125 0.016015625 0.062890625
2 0.6494140625 0.765234375 0.019140625 0.07421875
2 0.3552734375 0.6033203125 0.012109375 0.062890625
2 0.4912109375 0.6232421875 0.013671875 0.062109375
3 0.1462890625 0.93125 0.025390625 0.0859375
0 0.771484375 0.4044921875 0.00546875 0.010546875
3 0.640625 0.244921875 0.009375 0.03359375
4 0.7120703125000001 0.2469921875 0.006859374999999999 0.0214375
5 0.9215640204452026 0.39160312657349317 0.9263949918595362 0.3353679554539914 0.8655058070439047 0.30004990383167457 0.8607167683938005 0.3535745422289576