2 0.3291015625 0.3576171875 0.009765625 0.032421875
1 0.909375 0.3697265625 0.009375 0.033203125
2 0.4314453125 0.3716796875 0.014453125 0.037109375
2 0.5421875 0.3220703125 0.0078125 0.033203125
2 0.6384765625 0.3943359375 0.014453125 0.037109375
2 0.5798828125 0.4037109375 0.012890625 0.037109375
2 0.4421875 0.4654296875 0.009375 0.046484375
3 0.47890625 0.4421875 0.0140625 0.0453125
2 0.7234375 0.4103515625 0.0078125 0.047265625
2 0.7068359375 0.555078125 0.015234375 0.04921875
2 0.3125 0.4154296875 0.0078125 0.046484375
2 0.5138671875 0.5076171875 0.008984375 0.052734375
2 0.27890625 0.4357421875 0.0140625 0.048046875
3 0.9380859375 0.7552734375 0.024609375 0.077734375
2 0.2140625 0.56015625 0.0109375 0.059375
2 0.7732421875 0.5337890625 0.013671875 0.058203125
2 0.6142578125 0.5103515625 0.011328125 0.051953125
2 0.6294921875 0.4755859375 0.010546875 0.046484375
2 0.4271484375 0.4826171875 0.018359375 0.046484375
2 0.5408203125 0.4931640625 0.014453125 0.051953125
2 0.2849609375 0.67265625 0.021484375 0.0609375
2 0.3787109375 0.590625 0.018359375 0.0546875
2 0.20703125 0.6685546875 0.0234375 0.066796875
0 0.6048828125 0.4796875 0.005078125 0.0125
3 0.2685546875 0.258203125 0.008984375 0.03359375
4 0.796640625 0.24365625 0.0058828125 0.021546875
5 0.9422922380267883 0.35992939704671806 0.9533747750479209 0.298580777465953 1 0.32314067257080226 1 0.39589937587220286