2 0.6384765625 0.5894609375 0.009765625 0.0390625
0 0.4703125 0.72890625 0.00625 0.0109375
2 0.5787109375 0.3734375 0.008984375 0.040625
2 0.6365234375 0.6335859375 0.023046875 0.06484375
2 0.802140625 0.705859375 0.011328125 0.06484375
2 0.3572265625 0.3875 0.008203125 0.0390625
1 0.8572265625 0.4123046875 0.014453125 0.043359375
2 0.54609375 0.5626953125 0.0109375 0.051953125
2 0.5580078125 0.425390625 0.008203125 0.04453125
2 0.7634765625 0.592578125 0.009765625 0.06015625
2 0.6466796875 0.41484375 0.012109375 0.0453125
2 0.6609375 0.42109375 0.009375 0.0453125
2 0.6958984375 0.487109375 0.008984375 0.05078125
3 0.5466796875 0.500390625 0.012109375 0.04921875
3 0.1654296875 0.9400390625 0.019921875 0.081640625
2 0.792 0.6099609375 0.014453125 0.062109375
2 0.2431640625 0.64453125 0.016015625 0.0640625
2 0.59609375 0.6857421875 0.0234375 0.068359375
2 0.2662109375 0.46796875 0.012109375 0.05
2 0.4015625 0.5091796875 0.015625 0.046484375
2 0.6220703125 0.7400390625 0.011328125 0.072265625
2 0.4611328125 0.7044921875 0.011328125 0.068359375
2 0.49375 0.575 0.0125 0.0546875
2 0.3158203125 0.6228515625 0.012890625 0.067578125
3 0.54609375 0.2916015625 0.009375 0.031640625
4 0.7316484375 0.2788515625 0.013265625 0.034578125
5 0.9451231200817215 0.4311443233305966 0.9477554050371542 0.36563916279627673 0.8829643790645539 0.33438646055911403 0.8787220828854622 0.38801765693184387 0.9458270992916074 0.43354627579680205