2 0.4435546875 0.4166015625 0.012109375 0.033203125
2 0.73359375 0.452734375 0.0109375 0.03984375
2 0.4201171875 0.42890625 0.008984375 0.0390625
2 0.3056640625 0.5083984375 0.012890625 0.046484375
2 0.85625 0.5986328125 0.0125 0.058203125
2 0.86171875 0.5716796875 0.0140625 0.057421875
2 0.1564453125 0.5841796875 0.016015625 0.046484375
2 0.3845703125 0.4419921875 0.008203125 0.041796875
2 0.107421875 0.6134765625 0.01953125 0.058203125
2 0.5123046875 0.4716796875 0.008984375 0.041796875
2 0.6623046875 0.5728515625 0.010546875 0.058203125
2 0.3171875 0.5794921875 0.0140625 0.052734375
2 0.66640625 0.44296875 0.00625 0.040625
2 0.228125 0.640234375 0.015625 0.05546875
3 0.4431640625 0.5091796875 0.012890625 0.048046875
2 0.8337890625 0.615234375 0.012890625 0.06015625
2 0.40859375 0.5943359375 0.0109375 0.057421875
3 0.8900390625 0.8271484375 0.022265625 0.085546875
2 0.6498046875 0.584375 0.019921875 0.0546875
2 0.4220703125 0.6439453125 0.019140625 0.058203125
2 0.24921875 0.6396484375 0.0125 0.057421875
2 0.465625 0.6716796875 0.0171875 0.068359375
1 0.2734375 0.4142578125 0.0109375 0.041015625
0 0.115234375 0.594921875 0.00546875 0.01015625
3 0.5302734375 0.3431640625 0.007421875 0.028515625
4 0.42192187499999995 0.335171875 0.005859375 0.022664062500000002
5 0.22844691367642916 0.4420669256482029 0.2263701769152962 0.37716869355589705 0.28765597058234615 0.35636287617874274 0.29271627334323014 0.4123136480947462