2 0.4515625 0.4091796875 0.00625 0.027734375
2 0.7212890625 0.444921875 0.008203125 0.03046875
2 0.4603515625 0.419921875 0.006640625 0.02578125
2 0.3443359375 0.437109375 0.010546875 0.03515625
2 0.8119140625 0.496484375 0.011328125 0.03515625
2 0.49609375 0.48203125 0.0078125 0.034375
2 0.3814453125 0.515234375 0.009765625 0.03984375
2 0.7880859375 0.49453125 0.008984375 0.0359375
2 0.6734375 0.5044921875 0.0078125 0.037109375
2 0.880859375 0.63203125 0.01953125 0.0484375
2 0.403125 0.705078125 0.015625 0.06015625
3 0.6494140625 0.5376953125 0.017578125 0.044140625
2 0.39609375 0.5310546875 0.009375 0.041796875
2 0.6416015625 0.5677734375 0.019140625 0.043359375
2 0.92890625 0.5703125 0.0203125 0.0453125
2 0.69453125 0.5029296875 0.0140625 0.041796875
1 0.1330078125 0.46171875 0.011328125 0.034375
2 0.18046875 0.570703125 0.0109375 0.05078125
2 0.12265625 0.595703125 0.0171875 0.04921875
3 0.0833984375 0.693359375 0.016796875 0.06015625
2 0.26171875 0.6705078125 0.015625 0.056640625
2 0.8482421875 0.6853515625 0.026171875 0.053515625
2 0.605859375 0.428515625 0.01015625 0.03203125
0 0.9234375 0.5677734375 0.00625 0.010546875
4 0.20945312500000002 0.3789453125 0.0070703125 0.025210937500000002
5 0.03213434073079854 0.49137114056306574 0.025952262073775444 0.43297824432089593 0.08365157552925559 0.4085906336628039 0.08811638682330947 0.4594267881280585
4 0.9531640625 0.4040390625 0.00709375 0.0318046875