2 0.421484375 0.41875 0.00703125 0.034375
2 0.6423828125 0.4419921875 0.011328125 0.037109375
2 0.6623046875 0.43984375 0.012109375 0.0359375
2 0.3837890625 0.421875 0.006640625 0.0359375
2 0.3501953125 0.475 0.009765625 0.0390625
2 0.471875 0.4669921875 0.0109375 0.043359375
2 0.1501953125 0.5615234375 0.017578125 0.043359375
3 0.4193359375 0.497265625 0.008984375 0.04453125
2 0.6357421875 0.5517578125 0.012109375 0.051953125
2 0.8490234375 0.5572265625 0.010546875 0.056640625
2 0.4173828125 0.553125 0.011328125 0.05
2 0.6224609375 0.5578125 0.015234375 0.05
2 0.8634765625 0.627734375 0.012890625 0.06015625
2 0.8515625 0.617578125 0.0140625 0.06484375
3 0.8875 0.815234375 0.0140625 0.08515625
2 0.2890625 0.5333984375 0.009375 0.048046875
2 0.4409609375 0.6306640625 0.0140625 0.062890625
2 0.396875 0.6166015625 0.0171875 0.053515625
2 0.21640625 0.6083984375 0.0203125 0.057421875
3 0.5169921875 0.346875 0.005859375 0.0234375
2 0.071875 0.5458984375 0.0109375 0.048046875
2 0.0619140625 0.553125 0.014453125 0.034375
0 0.053125 0.570703125 0.0046875 0.00703125
1 0.3244140625 0.4126953125 0.011328125 0.041015625
5 0.29010416666666666 0.3859375 0.2921875 0.440625 0.3458333333333333 0.4145833333333333 0.34375 0.3640625
4 0.4703125 0.3434921875 0.009375 0.0192734375