2 0.4435546875 0.4166015625 0.012109375 0.033203125
2 0.73359375 0.452734375 0.0109375 0.03984375
2 0.4201171875 0.42890625 0.008984375 0.0390625
2 0.3056640625 0.5083984375 0.012890625 0.046484375
2 0.85625 0.5986328125 0.0125 0.058203125
2 0.86171875 0.5716796875 0.0140625 0.057421875
2 0.1564453125 0.5841796875 0.016015625 0.046484375
2 0.3845703125 0.4419921875 0.008203125 0.041796875
2 0.107421875 0.6134765625 0.01953125 0.058203125
2 0.5123046875 0.4716796875 0.008984375 0.041796875
2 0.6623046875 0.5728515625 0.010546875 0.058203125
2 0.3171875 0.5794921875 0.0140625 0.052734375
2 0.66640625 0.44296875 0.00625 0.040625
2 0.228125 0.640234375 0.015625 0.05546875
3 0.4431640625 0.5091796875 0.012890625 0.048046875
2 0.8337890625 0.615234375 0.012890625 0.06015625
2 0.40859375 0.5943359375 0.0109375 0.057421875
3 0.8900390625 0.8271484375 0.022265625 0.085546875
2 0.6498046875 0.584375 0.019921875 0.0546875
2 0.4220703125 0.6439453125 0.019140625 0.058203125
2 0.24921875 0.6396484375 0.0125 0.057421875
2 0.465625 0.6716796875 0.0171875 0.068359375
1 0.2734375 0.4142578125 0.0109375 0.041015625
0 0.115234375 0.594921875 0.00546875 0.01015625
3 0.5302734375 0.3431640625 0.007421875 0.028515625
4 0.42162499999999997 0.33590624999999996 0.003390625 0.020874999999999998
5 0.22855077628417092 0.4453899408198982 0.22347153518201948 0.37761650948622055 0.2935215001597461 0.3553464231856937 0.29630493567935257 0.411021683183704