2 0.5703125 0.428515625 0.009375 0.02578125
1 0.2234375 0.4302734375 0.009375 0.037109375
2 0.4486328125 0.39296875 0.011328125 0.0296875
2 0.5451171875 0.43828125 0.008984375 0.0296875
2 0.2462890625 0.490625 0.009765625 0.0453125
2 0.4763671875 0.4607421875 0.010546875 0.032421875
2 0.3732421875 0.42578125 0.013671875 0.0390625
2 0.3322265625 0.477734375 0.011328125 0.03984375
2 0.6947265625 0.437890625 0.012890625 0.03203125
3 0.515625 0.4681640625 0.009375 0.042578125
2 0.8486328125 0.5271484375 0.011328125 0.048046875
2 0.221875 0.5107421875 0.015625 0.043359375
2 0.3255859375 0.5580078125 0.015234375 0.048828125
2 0.8392578125 0.54765625 0.011328125 0.0546875
2 0.6845703125 0.598046875 0.022265625 0.05546875
2 0.5267578125 0.6166015625 0.014453125 0.051953125
2 0.84453125 0.4642578125 0.015625 0.037890625
2 0.0572265625 0.6029296875 0.012890625 0.052734375
3 0.9150390625 0.8353515625 0.025390625 0.091015625
3 0.4384765625 0.3541015625 0.006640625 0.031640625
2 0.3373046875 0.4341796875 0.010546875 0.041796875
2 0.3431640625 0.4248046875 0.009765625 0.043359375
0 0.6400390625 0.4623046875 0.005078125 0.010546875
2 0.698828125 0.4310546875 0.00859375 0.033984375
4 0.3462890625 0.3497890625 0.0055 0.0256015625
5 0.15447869417264382 0.45695075620523984 0.15255925573157345 0.3992469149246409 0.20783494495859384 0.3794662575971562 0.21038614072153566 0.42859884680129223