2 0.3857421875 0.44140625 0.010546875 0.034375
2 0.3853515625 0.480078125 0.012890625 0.05078125
2 0.36171875 0.4328125 0.009375 0.0296875
2 0.375 0.4599609375 0.0125 0.052734375
2 0.3953125 0.43515625 0.0109375 0.0546875
2 0.3498046875 0.49921875 0.010546875 0.059375
2 0.3599609375 0.471484375 0.012109375 0.05546875
2 0.8134765625 0.3900390625 0.009765625 0.037890625
2 0.5130859375 0.3798828125 0.008984375 0.042578125
2 0.434375 0.40207812499999995 0.009375 0.0453125
2 0.3359375 0.4958984375 0.0125 0.052734375
2 0.4146484375 0.422265625 0.012109375 0.04921875
2 0.52109375 0.375390625 0.009375 0.03984375
2 0.8890625 0.4037109375 0.0125 0.046484375
2 0.8462890625 0.4162109375 0.019140625 0.043359375
2 0.4578125 0.4421875 0.0109375 0.0453125
1 0.1482421875 0.434765625 0.010546875 0.05546875
2 0.6767578125 0.515625 0.016015625 0.0546875
3 0.9728515625 0.967578125 0.028515625 0.06484375
2 0.9384765625 0.5720703125 0.020703125 0.067578125
3 0.6296875 0.4578125 0.0125 0.0546875
2 0.38671875 0.4193359375 0.0109375 0.046484375
3 0.4904296875 0.33671875 0.013671875 0.0359375
0 0.974609375 0.4517578125 0.00859375 0.011328125
4 0.2612421875 0.3238125 0.0071328125 0.036453124999999996
5 0.05979182686392568 0.43521365972313897 0.052292628599399135 0.37118553651890773 0.024468781299805786 0.3675090190515523 0 0.3806394242668153 0.0016322220941268006 0.4625731548135968