2 0.6890625 0.441015625 0.00625 0.03046875
2 0.4302734375 0.4375 0.005859375 0.0296875
2 0.4306640625 0.4765625 0.006640625 0.034375
2 0.5287109375 0.4447265625 0.005859375 0.031640625
2 0.7431640625 0.54921875 0.012890625 0.040625
2 0.2955078125 0.47265625 0.008203125 0.034375
2 0.7728515625 0.48046875 0.008203125 0.0390625
2 0.1076171875 0.5591796875 0.008984375 0.043359375
2 0.37578125 0.4923828125 0.0078125 0.037890625
2 0.6173828125 0.51875 0.008203125 0.040625
3 0.9486328125 0.784375 0.025390625 0.0703125
2 0.2166015625 0.6017578125 0.009765625 0.042578125
3 0.4162109375 0.51953125 0.012109375 0.0390625
2 0.9258828125 0.6181640625 0.010546875 0.053515625
1 0.1279296875 0.5302734375 0.013671875 0.037109375
2 0.4734375 0.5087890625 0.0078125 0.037890625
2 0.39765625 0.5806640625 0.0078125 0.047265625
2 0.86953125 0.6109375 0.0203125 0.05
2 0.65625 0.5609375 0.009375 0.0453125
2 0.6177734375 0.7158203125 0.018359375 0.056640625
2 0.21796875 0.6884765625 0.0125 0.056640625
2 0.7580078125 0.6916015625 0.014453125 0.062890625
2 0.703515625 0.440625 0.00703125 0.0328125
0 0.1267578125 0.5310546875 0.005078125 0.010546875
5 0.13541666666666666 0.4255208333333333 0.08645833333333333 0.4479166666666667 0.090625 0.4994791666666666 0.14635416666666665 0.4666666666666667 0.14270833333333333 0.4255208333333334 0.14166666666666666 0.4260416666666667 0.1390625 0.4265625
4 0.25990625 0.3939765625 0.0030703125 0.0223203125