3 0.38046875 0.51015625 0.0125 0.0390625
2 0.4734375 0.375390625 0.0078125 0.03046875
2 0.3896484375 0.5337890625 0.016796875 0.042578125
2 0.4609375 0.3916015625 0.0078125 0.031640625
2 0.2884765625 0.4796875 0.009765625 0.040625
2 0.2951171875 0.4001953125 0.007421875 0.037890625
2 0.1998046875 0.423828125 0.010546875 0.03984375
2 0.147265625 0.5078125 0.01328125 0.05
0 0.7568359375 0.7521484375 0.005859375 0.012109375
2 0.3173828125 0.63359375 0.020703125 0.05
2 0.3048828125 0.4669921875 0.011328125 0.043359375
2 0.9302734375 0.554296875 0.019921875 0.05078125
2 0.4546875 0.434375 0.0078125 0.040625
2 0.6240234375 0.40234375 0.008984375 0.040625
2 0.7642578125 0.714453125 0.030078125 0.06484375
1 0.8544921875 0.435546875 0.012109375 0.04453125
2 0.709375 0.683984375 0.01875 0.06015625
2 0.5978984374999999 0.47953906249999995 0.009375 0.04921875
2 0.5828125 0.4654296875 0.009375 0.043359375
2 0.0998046875 0.541015625 0.019921875 0.04921875
2 0.7875 0.5373046875 0.021875 0.057421875
2 0.3119140625 0.611328125 0.025390625 0.03984375
3 0.169140625 0.375390625 0.00859375 0.03359375
2 0.1466796875 0.4921875 0.013671875 0.053125
5 0.97651654399535 0.4658821675578876 0.9779178013172084 0.3990263768101519 0.9083148512895655 0.3745394930487943 0.9029607961658463 0.43193061318136683
4 0.7458671875 0.34097656249999997 0.0050625 0.035046875