2 0.30390625 0.3734375 0.0109375 0.040625
2 0.4921875 0.3666015625 0.00625 0.033203125
2 0.6650390625 0.3748046875 0.009765625 0.043359375
2 0.1359375 0.4591796875 0.0109375 0.052734375
2 0.2068359375 0.3986328125 0.012109375 0.037890625
2 0.2732421875 0.4310546875 0.010546875 0.043359375
2 0.4732421875 0.3875 0.008984375 0.0390625
2 0.3177734375 0.41328125 0.008984375 0.0453125
2 0.8373046875 0.5099609375 0.013671875 0.057421875
2 0.5732421875 0.4224609375 0.010546875 0.048046875
2 0.1333984375 0.4947265625 0.013671875 0.058203125
2 0.1876953125 0.5599609375 0.014453125 0.057421875
1 0.8583984375 0.4068359375 0.010546875 0.046484375
2 0.30703125 0.5306640625 0.0109375 0.053515625
2 0.5994140625 0.4068359375 0.008203125 0.041796875
2 0.28515625 0.480859375 0.0140625 0.05078125
2 0.1169921875 0.5072265625 0.013671875 0.058203125
2 0.47578125 0.5572265625 0.0140625 0.058203125
3 0.40078125 0.4587890625 0.0109375 0.047265625
2 0.6455078125 0.474609375 0.011328125 0.05546875
2 0.68359375 0.6525390625 0.01875 0.072265625
3 0.1455078125 0.359375 0.011328125 0.040625
2 0.530859375 0.348828125 0.01171875 0.03828125
0 0.8228515625 0.5345703125 0.006640625 0.012890625
4 0.7824609375 0.3202421875 0.0102109375 0.032390625
5 0.9571684864782437 0.4281644522868488 0.9661420856874006 0.3497504426440793 1 0.3608298315178448 0.9993764126224537 0.4485416043361787