2 0.69609375 0.3734375 0.0109375 0.040625
2 0.50859375 0.3666015625 0.00625 0.033203125
2 0.3353515625 0.3748046875 0.009765625 0.043359375
2 0.86484375 0.4591796875 0.0109375 0.052734375
2 0.7927734375 0.3986328125 0.012109375 0.037890625
2 0.7271484375 0.4310546875 0.010546875 0.043359375
2 0.5271484375 0.3875 0.008984375 0.0390625
2 0.6826171875 0.41328125 0.008984375 0.0453125
2 0.1630859375 0.5099609375 0.013671875 0.057421875
2 0.4263671875 0.4224609375 0.010546875 0.048046875
2 0.8669921875 0.4947265625 0.013671875 0.058203125
2 0.8119140625 0.5599609375 0.014453125 0.057421875
1 0.1419921875 0.4068359375 0.010546875 0.046484375
2 0.69296875 0.5306640625 0.0109375 0.053515625
2 0.4001953125 0.4068359375 0.008203125 0.041796875
2 0.715625 0.480859375 0.0140625 0.05078125
2 0.8833984375 0.5072265625 0.013671875 0.058203125
2 0.525 0.5572265625 0.0140625 0.058203125
3 0.59921875 0.4587890625 0.0109375 0.047265625
2 0.3548828125 0.474609375 0.011328125 0.05546875
2 0.3171875 0.6525390625 0.01875 0.072265625
3 0.8548828125 0.359375 0.011328125 0.040625
2 0.469921875 0.348828125 0.01171875 0.03828125
0 0.1767578125 0.5345703125 0.006640625 0.012890625
5 0.00234375 0.4453125 0.03359375 0.43125 0.028125 0.359375 0.003125 0.365625
4 0.21875 0.322265625 0.0125 0.03046875