1 0.03984375 0.4474609375 0.0171875 0.048046875
2 0.5515625 0.4189453125 0.0125 0.037890625
2 0.7 0.4431640625 0.0125 0.047265625
2 0.5568359375 0.453515625 0.010546875 0.04453125
2 0.8236328125 0.4365234375 0.014453125 0.041796875
2 0.4208984375 0.4146484375 0.008984375 0.041796875
2 0.4271484375 0.4498046875 0.008984375 0.046484375
2 0.5142578125 0.5607421875 0.011328125 0.057421875
2 0.3130859375 0.4615234375 0.015234375 0.052734375
2 0.8130859375 0.5017578125 0.018359375 0.051953125
2 0.8044921875 0.47890625 0.012109375 0.05
2 0.5904296875 0.483203125 0.016796875 0.04453125
2 0.4017578125 0.485546875 0.009765625 0.04921875
2 0.3703125 0.4693359375 0.0109375 0.046484375
2 0.5130859375 0.6083984375 0.019921875 0.057421875
2 0.2841796875 0.479296875 0.012109375 0.05078125
2 0.86953125 0.5560546875 0.0171875 0.062109375
2 0.21993749999999998 0.5795078124999999 0.012109375 0.059375
2 0.93671875 0.5275390625 0.015625 0.058203125
3 0.3673828125 0.5255859375 0.012890625 0.057421875
2 0.17578125 0.6630859375 0.0234375 0.071484375
0 0.5794921875 0.455078125 0.005859375 0.01171875
2 0.3087890625 0.4439453125 0.009765625 0.047265625
3 0.4142578125 0.351171875 0.009765625 0.03515625
5 0.0006009615384615419 0.4573317307692307 0.015625 0.44831730769230765 0.011418269230769228 0.38521634615384615 0.0012019230769230837 0.390625
4 0.192609375 0.344046875 0.0078125 0.03665625