2 0.5568359375 0.4166015625 0.012109375 0.033203125
2 0.2671875 0.452734375 0.0109375 0.03984375
2 0.5802734375 0.42890625 0.008984375 0.0390625
2 0.6947265625 0.5083984375 0.012890625 0.046484375
2 0.145109375 0.5986328125 0.0125 0.058203125
2 0.1371328125 0.5716796875 0.0140625 0.057421875
2 0.8431640625 0.5841796875 0.016015625 0.046484375
2 0.6150390625 0.4419921875 0.008203125 0.041796875
2 0.892578125 0.6134765625 0.01953125 0.058203125
2 0.4880859375 0.4716796875 0.008984375 0.041796875
2 0.3380859375 0.5728515625 0.010546875 0.058203125
2 0.68359375 0.5794921875 0.0140625 0.052734375
2 0.334375 0.44296875 0.00625 0.040625
2 0.771875 0.640234375 0.015625 0.05546875
3 0.5572265625 0.5091796875 0.012890625 0.048046875
2 0.1666015625 0.615234375 0.012890625 0.06015625
2 0.5921875 0.5943359375 0.0109375 0.057421875
3 0.1095703125 0.8271484375 0.022265625 0.085546875
2 0.3505859375 0.584375 0.019921875 0.0546875
2 0.5775390625 0.6439453125 0.019140625 0.058203125
2 0.7515625 0.6396484375 0.0125 0.057421875
2 0.53515625 0.6716796875 0.0171875 0.068359375
1 0.72734375 0.4142578125 0.0109375 0.041015625
0 0.885546875 0.594921875 0.00546875 0.01015625
3 0.4693359375 0.3431640625 0.007421875 0.028515625
4 0.5777734375 0.3372421875 0.0063046875 0.0218984375
5 0.7671103868921806 0.4344976363566566 0.7681740124499044 0.3782830469150353 0.715947277097736 0.36069380906745463 0.7125861631622489 0.40932288189334154