2 0.8306640625 0.377734375 0.008203125 0.03984375
2 0.5916015625 0.4162109375 0.014453125 0.041796875
2 0.4986328125 0.4068359375 0.009765625 0.046484375
2 0.56640625 0.3607421875 0.009375 0.037109375
2 0.8490234375 0.4107421875 0.008984375 0.052734375
2 0.528125 0.34140625 0.0078125 0.0359375
2 0.76875 0.373046875 0.0125 0.04453125
2 0.3734375 0.4158203125 0.009375 0.047265625
3 0.89453125 0.865234375 0.0171875 0.09453125
2 0.8107421875 0.45390625 0.010546875 0.059375
2 0.4388671875 0.4005859375 0.012109375 0.043359375
2 0.8912109375 0.4130859375 0.012109375 0.048046875
2 0.51171875 0.42578125 0.015625 0.040625
2 0.846875 0.4806640625 0.0109375 0.058203125
1 0.1962890625 0.3841796875 0.011328125 0.048046875
2 0.3607421875 0.432421875 0.013671875 0.04921875
3 0.5638671875 0.442578125 0.016796875 0.05078125
2 0.39375 0.4185546875 0.0109375 0.048046875
2 0.6505859375 0.41328125 0.012109375 0.05
2 0.5541015625 0.5453125 0.016015625 0.0609375
2 0.5802734375 0.5951171875 0.019921875 0.071484375
3 0.5265625 0.3005859375 0.0078125 0.032421875
2 0.5033203125 0.37578125 0.008203125 0.04375
0 0.594140625 0.3283203125 0.00703125 0.011328125
5 0.07031250000000001 0.4213169642857144 0.06529017857142858 0.3459821428571429 0.13727678571428575 0.3231026785714286 0.14229910714285715 0.39062500000000006
4 0.314453125 0.2882265625 0.006140625 0.0340390625