2 0.3109375 0.441015625 0.00625 0.03046875
2 0.5701171875 0.4375 0.005859375 0.0296875
2 0.5697265625 0.4765625 0.006640625 0.034375
2 0.4708984375 0.4447265625 0.005859375 0.031640625
2 0.2572265625 0.54921875 0.012890625 0.040625
2 0.7041015625 0.47265625 0.008203125 0.034375
2 0.2267578125 0.48046875 0.008203125 0.0390625
2 0.8927734375 0.5591796875 0.008984375 0.043359375
2 0.625 0.4923828125 0.0078125 0.037890625
2 0.3822265625 0.51875 0.008203125 0.040625
3 0.0509765625 0.784375 0.025390625 0.0703125
2 0.7837890625 0.6017578125 0.009765625 0.042578125
3 0.5841796875 0.51953125 0.012109375 0.0390625
2 0.0732421875 0.6181640625 0.010546875 0.053515625
1 0.8724609375 0.5302734375 0.013671875 0.037109375
2 0.52734375 0.5087890625 0.0078125 0.037890625
2 0.60234375 0.5806640625 0.0078125 0.047265625
2 0.13046875 0.6109375 0.0203125 0.05
2 0.34453125 0.5609375 0.009375 0.0453125
2 0.3826171875 0.7158203125 0.018359375 0.056640625
2 0.7828125 0.6884765625 0.0125 0.056640625
2 0.2416015625 0.6916015625 0.014453125 0.062890625
2 0.297265625 0.440625 0.00703125 0.0328125
0 0.8728515625 0.5310546875 0.005078125 0.010546875
4 0.73990625 0.39480468750000003 0.0050234375 0.022390625
5 0.9069726149370091 0.4945915348274895 0.9088873878115116 0.4444274770175638 0.8622973843199635 0.424400651943173 0.8582229684348744 0.4690622620334878