2 0.4638671875 0.4603515625 0.010546875 0.031640625
2 0.4322265625 0.48828125 0.011328125 0.0390625
2 0.6314453125 0.5072265625 0.008203125 0.037890625
2 0.74453125 0.493359375 0.009375 0.03984375
1 0.1564453125 0.5130859375 0.008203125 0.043359375
2 0.1435546875 0.5689453125 0.010546875 0.037890625
2 0.6453125 0.556640625 0.009375 0.04453125
2 0.4654296875 0.5234375 0.008984375 0.040625
2 0.3091796875 0.46953125 0.007421875 0.0359375
2 0.7689453125 0.5787109375 0.012890625 0.046484375
2 0.3837890625 0.5568359375 0.012890625 0.043359375
3 0.5173828125 0.4955078125 0.008203125 0.037890625
2 0.6916015625 0.5431640625 0.006640625 0.042578125
2 0.2849609375 0.6931640625 0.008984375 0.056640625
2 0.3267578125 0.613671875 0.008203125 0.05078125
2 0.7279296875 0.6626953125 0.010546875 0.056640625
2 0.5869140625 0.70859375 0.012890625 0.059375
2 0.8580078125 0.612890625 0.011328125 0.05546875
3 0.86328125 0.78046875 0.0171875 0.0703125
0 0.15703125 0.589453125 0.0078125 0.01328125
3 0.375390625 0.3923828125 0.00703125 0.023828125
2 0.480078125 0.4232421875 0.01015625 0.030859375
2 0.5333984375 0.4447265625 0.008984375 0.034765625
2 0.6970703125 0.4431640625 0.008203125 0.033203125
2 0.6919921875 0.44921875 0.007421875 0.03125
5 0.13802083333333334 0.42404513888888895 0.08940972222222221 0.4461805555555555 0.09461805555555554 0.4926215277777778 0.14366319444444448 0.4652777777777778
4 0.26071875 0.3891171875 0.007046874999999999 0.022296875