2 0.45546875 0.4595703125 0.0109375 0.033203125
2 0.2529296875 0.426171875 0.007421875 0.03515625
2 0.3208984375 0.539453125 0.012109375 0.03984375
2 0.2400390625 0.43984375 0.008203125 0.034375
2 0.3177734375 0.5046875 0.008984375 0.0390625
2 0.5140625 0.4775390625 0.009375 0.042578125
3 0.3693359375 0.4873046875 0.010546875 0.043359375
2 0.31484375 0.571484375 0.009375 0.05546875
2 0.5341796875 0.520703125 0.015234375 0.03984375
2 0.5154296875 0.5248046875 0.010546875 0.043359375
2 0.7548828125 0.5529296875 0.009765625 0.048046875
1 0.8517578125 0.489453125 0.011328125 0.04453125
2 0.1927734375 0.5814453125 0.010546875 0.053515625
2 0.2208984375 0.4919921875 0.008984375 0.043359375
2 0.14453125 0.61796875 0.0171875 0.0609375
2 0.3353515625 0.7201171875 0.014453125 0.062109375
2 0.1970703125 0.6669921875 0.014453125 0.062109375
2 0.66171875 0.4701171875 0.0078125 0.041796875
2 0.5423828125 0.612109375 0.014453125 0.05546875
2 0.6275390625 0.7103515625 0.020703125 0.062890625
3 0.0603515625 0.8259765625 0.022265625 0.083203125
0 0.6931640625 0.5287109375 0.006640625 0.012109375
3 0.5845703125 0.376171875 0.008203125 0.02890625
2 0.4623046875 0.4033203125 0.008984375 0.033203125
2 0.4072265625 0.437890625 0.009765625 0.03828125
4 0.7488203125 0.3732578125 0.0044453125000000005 0.0209609375
5 0.8788054999603867 0.4567415955287644 0.882877683414549 0.4004184169667246 0.9498110530362263 0.42871622424442857 0.9422049856687771 0.4910931163716029