2 0.4515625 0.4091796875 0.00625 0.027734375
2 0.7212890625 0.444921875 0.008203125 0.03046875
2 0.4603515625 0.419921875 0.006640625 0.02578125
2 0.3443359375 0.437109375 0.010546875 0.03515625
2 0.8119140625 0.496484375 0.011328125 0.03515625
2 0.49609375 0.48203125 0.0078125 0.034375
2 0.3814453125 0.515234375 0.009765625 0.03984375
2 0.7880859375 0.49453125 0.008984375 0.0359375
2 0.6734375 0.5044921875 0.0078125 0.037109375
2 0.880859375 0.63203125 0.01953125 0.0484375
2 0.403125 0.705078125 0.015625 0.06015625
3 0.6494140625 0.5376953125 0.017578125 0.044140625
2 0.39609375 0.5310546875 0.009375 0.041796875
2 0.6416015625 0.5677734375 0.019140625 0.043359375
2 0.92890625 0.5703125 0.0203125 0.0453125
2 0.69453125 0.5029296875 0.0140625 0.041796875
1 0.1330078125 0.46171875 0.011328125 0.034375
2 0.18046875 0.570703125 0.0109375 0.05078125
2 0.12265625 0.595703125 0.0171875 0.04921875
3 0.0833984375 0.693359375 0.016796875 0.06015625
2 0.26171875 0.6705078125 0.015625 0.056640625
2 0.8482421875 0.6853515625 0.026171875 0.053515625
2 0.605859375 0.428515625 0.01015625 0.03203125
0 0.9234375 0.5677734375 0.00625 0.010546875
4 0.2099609375 0.3806171875 0.009765625 0.0258828125
5 0.03485576923076925 0.4861778846153846 0.031250000000000014 0.43449519230769235 0.08173076923076923 0.4128605769230768 0.08774038461538461 0.4669471153846153
4 0.953125 0.4078125 0.009375 0.01875