3 0.6203125 0.51015625 0.0125 0.0390625
2 0.52734375 0.375390625 0.0078125 0.03046875
2 0.6107421875 0.5337890625 0.016796875 0.042578125
2 0.53984375 0.3916015625 0.0078125 0.031640625
2 0.7111328125 0.4796875 0.009765625 0.040625
2 0.7052734375 0.399703125 0.007421875 0.037890625
2 0.7998046875 0.423828125 0.010546875 0.03984375
2 0.852734375 0.5078125 0.01328125 0.05
0 0.2427734375 0.7521484375 0.005859375 0.012109375
2 0.6822265625 0.63359375 0.020703125 0.05
2 0.6947265625 0.4669921875 0.011328125 0.043359375
2 0.0701171875 0.554296875 0.019921875 0.05078125
2 0.54609375 0.434375 0.0078125 0.040625
2 0.3763671875 0.40234375 0.008984375 0.040625
2 0.236625 0.714453125 0.030078125 0.06484375
1 0.1458984375 0.435546875 0.012109375 0.04453125
2 0.290625 0.683984375 0.01875 0.06015625
2 0.40234375 0.480078125 0.009375 0.04921875
2 0.4171875 0.4654296875 0.009375 0.043359375
2 0.9005859375 0.541015625 0.019921875 0.04921875
2 0.2125 0.5373046875 0.021875 0.057421875
2 0.6876953125 0.611328125 0.025390625 0.03984375
3 0.831640625 0.375390625 0.00859375 0.03359375
2 0.8537109375 0.4921875 0.013671875 0.053125
4 0.2533984375 0.3421875 0.00728125 0.0273203125
5 0.018138891394414536 0.4638691394306683 0.015975819842866095 0.3985782453665692 0.08822447512050072 0.373796048935091 0.09412232453091993 0.4333913222550917