2 0.29375 0.34921875 0.0125 0.0390625
2 0.70078125 0.3873046875 0.0078125 0.041796875
2 0.8146484375 0.4015625 0.010546875 0.040625
2 0.6943359375 0.393359375 0.008984375 0.03984375
1 0.13046875 0.3890625 0.0109375 0.040625
2 0.3685546875 0.4224609375 0.008984375 0.041796875
2 0.2611328125 0.3826171875 0.008203125 0.037109375
2 0.2287109375 0.37734375 0.008984375 0.040625
2 0.8630859375 0.507421875 0.013671875 0.06015625
2 0.4478515625 0.550390625 0.016015625 0.05078125
2 0.1771484375 0.4583984375 0.008984375 0.046484375
3 0.3234375 0.375390625 0.009375 0.03984375
2 0.1587890625 0.4306640625 0.012890625 0.047265625
2 0.2828125 0.4298828125 0.009375 0.042578125
2 0.7134765625 0.3853515625 0.006640625 0.037890625
2 0.6791015625 0.451953125 0.011328125 0.04921875
2 0.4810546875 0.41762499999999997 0.012109375 0.048046875
2 0.8353515625 0.444921875 0.012890625 0.05078125
2 0.4158203125 0.393359375 0.008203125 0.03984375
2 0.5037109375 0.4521484375 0.008984375 0.048046875
2 0.8525390625 0.5478515625 0.019140625 0.062890625
3 0.833984375 0.350390625 0.00859375 0.03203125
2 0.226953125 0.3544921875 0.00859375 0.033984375
0 0.2216796875 0.3646484375 0.004296875 0.007421875
4 0.26775000000000004 0.311640625 0.00625 0.029281249999999998
5 0.023617510366319226 0.4440231662759565 0.01781742090835307 0.3690375639069938 0.09789531444108364 0.33855460664803017 0.10371411877848069 0.40755694807815657