2 0.54921875 0.4091796875 0.00625 0.027734375
2 0.2783203125 0.444921875 0.008203125 0.03046875
2 0.5392578125 0.419921875 0.006640625 0.02578125
2 0.6560546875 0.437109375 0.010546875 0.03515625
2 0.1876953125 0.496484375 0.011328125 0.03515625
2 0.50390625 0.48203125 0.0078125 0.034375
2 0.6181640625 0.515234375 0.009765625 0.03984375
2 0.2115234375 0.49453125 0.008984375 0.0359375
2 0.32734375 0.5044921875 0.0078125 0.037109375
2 0.119140625 0.63203125 0.01953125 0.0484375
2 0.59765625 0.705078125 0.015625 0.06015625
3 0.3509765625 0.5376953125 0.017578125 0.044140625
2 0.6046875 0.5310546875 0.009375 0.041796875
2 0.3580078125 0.5677734375 0.019140625 0.043359375
2 0.071875 0.5708203125 0.0203125 0.0453125
2 0.30546875 0.5029296875 0.0140625 0.041796875
1 0.8673828125 0.46171875 0.011328125 0.034375
2 0.81953125 0.570703125 0.0109375 0.05078125
2 0.87734375 0.595703125 0.0171875 0.04921875
3 0.9162109375 0.693359375 0.016796875 0.06015625
2 0.7390625 0.671015625 0.015625 0.056640625
2 0.1513671875 0.6853515625 0.026171875 0.053515625
2 0.394921875 0.428515625 0.01015625 0.03203125
0 0.0765625 0.5677734375 0.00625 0.010546875
4 0.791453125 0.3790234375 0.01178125 0.031992187500000005
4 0.047 0.40221875 0.0121328125 0.0309765625
5 0.966866881652549 0.48891625138240363 0.9690503748991084 0.4336304047803933 0.9161215935405753 0.411440667055501 0.9110807572207152 0.454811495327453