2 0.2697265625 0.4107421875 0.011328125 0.037109375
3 0.33046875 0.4076171875 0.0109375 0.032421875
2 0.7669921875 0.45078125 0.013671875 0.034375
2 0.1552734375 0.486328125 0.012109375 0.04296875
2 0.7015625 0.4123046875 0.0171875 0.037109375
2 0.1611328125 0.5111328125 0.011328125 0.042578125
2 0.3203125 0.4240234375 0.0109375 0.037109375
2 0.4294921875 0.415625 0.008984375 0.0359375
2 0.2287109375 0.4404296875 0.008984375 0.043359375
2 0.3798828125 0.4609375 0.011328125 0.040625
2 0.51953125 0.4556640625 0.0078125 0.037890625
2 0.5486328125 0.4400390625 0.012890625 0.042578125
2 0.2830078125 0.4828125 0.012890625 0.0453125
2 0.6986328125 0.4626953125 0.016015625 0.042578125
2 0.3642578125 0.5630859375 0.016015625 0.052734375
2 0.8126953125 0.492578125 0.014453125 0.05078125
2 0.7892578125 0.527734375 0.017578125 0.05546875
1 0.0751953125 0.4240234375 0.011328125 0.035546875
2 0.7681640625 0.4140625 0.011328125 0.0390625
3 0.7546875 0.3619140625 0.009375 0.030078125
2 0.686328125 0.403515625 0.01328125 0.03828125
2 0.22890625 0.419140625 0.009375 0.03515625
0 0.26875 0.4251953125 0.0046875 0.008203125
2 0.67578125 0.40078125 0.0125 0.0375
5 0.04687499999999999 0.428125 0.041666666666666664 0.371875 0.0015624999999999973 0.38645833333333335 0.0026041666666666687 0.4536458333333334
4 0.1994765625 0.3421875 0.009375 0.0197890625