2 0.43046875 0.428515625 0.009375 0.02578125
1 0.7765625 0.4302734375 0.009375 0.037109375
2 0.55184375 0.3925390625 0.011328125 0.0296875
2 0.4552734375 0.43828125 0.008984375 0.0296875
2 0.7533203125 0.490625 0.009765625 0.0453125
2 0.5232421875 0.4607421875 0.010546875 0.032421875
2 0.6271484375 0.42578125 0.013671875 0.0390625
2 0.6673828125 0.477734375 0.011328125 0.03984375
2 0.3048828125 0.437890625 0.012890625 0.03203125
3 0.48515625 0.4681640625 0.009375 0.042578125
2 0.1517578125 0.5271484375 0.011328125 0.048046875
2 0.77890625 0.5107421875 0.015625 0.043359375
2 0.6748046875 0.5580078125 0.015234375 0.048828125
2 0.1611328125 0.54765625 0.011328125 0.0546875
2 0.3150390625 0.598046875 0.022265625 0.05546875
2 0.4736328125 0.6166015625 0.014453125 0.051953125
2 0.15625 0.4642578125 0.015625 0.037890625
2 0.9438515625000001 0.6029296875 0.012890625 0.052734375
3 0.0853515625 0.8353515625 0.025390625 0.091015625
3 0.5611328125 0.3541015625 0.006640625 0.031640625
2 0.6630859375 0.4341796875 0.010546875 0.041796875
2 0.6572265625 0.4248046875 0.009765625 0.043359375
0 0.3595703125 0.4623046875 0.005078125 0.010546875
2 0.301171875 0.4310546875 0.00859375 0.033984375
4 0.653796875 0.34990625 0.0059140625 0.028218749999999997
5 0.8449465523314197 0.4555353512841026 0.8486062590473983 0.4005365831889355 0.791158693066261 0.3794386919494582 0.7892195276981525 0.4281821184961097