2 0.54421875 0.4595703125 0.0109375 0.033203125
2 0.7474609375 0.426171875 0.007421875 0.03515625
2 0.6794921875 0.539453125 0.012109375 0.03984375
2 0.7595703125 0.43984375 0.008203125 0.034375
2 0.6826171875 0.5046875 0.008984375 0.0390625
2 0.48671875 0.4775390625 0.009375 0.042578125
3 0.6310546875 0.4873046875 0.010546875 0.043359375
2 0.6859375 0.571484375 0.009375 0.05546875
2 0.4662109375 0.520703125 0.015234375 0.03984375
2 0.4849609375 0.5248046875 0.010546875 0.043359375
2 0.2447265625 0.5529296875 0.009765625 0.048046875
1 0.1478515625 0.489453125 0.011328125 0.04453125
2 0.8076171875 0.5814453125 0.010546875 0.053515625
2 0.7787109375 0.4919921875 0.008984375 0.043359375
2 0.85546875 0.61796875 0.0171875 0.0609375
2 0.6642578125 0.7201171875 0.014453125 0.062109375
2 0.8025390625 0.6669921875 0.014453125 0.062109375
2 0.33828125 0.47042968749999997 0.0078125 0.041796875
2 0.4580078125 0.612109375 0.014453125 0.05546875
2 0.3720703125 0.7103515625 0.020703125 0.062890625
3 0.9400390625 0.8259765625 0.022265625 0.083203125
0 0.3072265625 0.5287109375 0.006640625 0.012109375
3 0.4150390625 0.376171875 0.008203125 0.02890625
2 0.5373046875 0.4033203125 0.008984375 0.033203125
2 0.5923828125 0.437890625 0.009765625 0.03828125
4 0.2502421875 0.3718359375 0.0062578124999999995 0.0209375
5 0.05913801741968048 0.484386266071667 0.0545773951417204 0.4293546092611612 0.10994552448580212 0.40471702927537273 0.11556499155088393 0.4548189568510258 0.060031574120991735 0.4840864196503606