2 0.6451171875 0.45078125 0.007421875 0.0296875
2 0.6373046875 0.407421875 0.007421875 0.03046875
2 0.6376953125 0.466015625 0.006640625 0.03515625
2 0.7251953125 0.446484375 0.008203125 0.03515625
2 0.5212890625 0.39765625 0.006640625 0.0296875
3 0.64765625 0.484765625 0.0078125 0.04140625
2 0.4029296875 0.4501953125 0.007421875 0.037890625
2 0.9048828125 0.469921875 0.009765625 0.03984375
2 0.7779296875 0.44544531249999997 0.007421875 0.032421875
2 0.9224609375 0.528515625 0.010546875 0.04453125
2 0.8095703125 0.4859375 0.008203125 0.040625
2 0.7828125 0.507421875 0.009375 0.03984375
1 0.2771484375 0.457421875 0.013671875 0.03984375
2 0.90078125 0.52578125 0.0109375 0.05
2 0.2970703125 0.541015625 0.009765625 0.04453125
2 0.81015625 0.59765625 0.0109375 0.0546875
3 0.9884765625 0.8005859375 0.020703125 0.077734375
2 0.609375 0.5611328125 0.0078125 0.051953125
2 0.69375 0.5798828125 0.01875 0.051953125
0 0.3173828125 0.53515625 0.005078125 0.009375
2 0.657421875 0.422265625 0.00859375 0.03359375
2 0.675 0.3818359375 0.009375 0.029296875
3 0.5533203125 0.3447265625 0.005078125 0.020703125
2 0.8599609375 0.4203125 0.008984375 0.0328125
2 0.8810546875 0.4322265625 0.012109375 0.036328125
4 0.4773515625 0.3381875 0.0069765625 0.0216328125
5 0.31599081985196875 0.4223757773228197 0.3149140862753515 0.3757083891246543 0.36241257285497586 0.3588286997694866 0.36369633842473376 0.40029403967231386