2 0.8693359375 0.4125 0.008984375 0.0359375
2 0.8521484375 0.4123046875 0.010546875 0.037109375
2 0.51484375 0.401953125 0.0078125 0.03984375
2 0.5751953125 0.4251953125 0.008203125 0.041015625
2 0.86796875 0.4498046875 0.0109375 0.043359375
2 0.728125 0.3666015625 0.0078125 0.031640625
2 0.5833984375 0.3697265625 0.007421875 0.031640625
2 0.49375 0.4025390625 0.009375 0.037890625
2 0.5962890625 0.4341796875 0.009765625 0.041796875
2 0.4458984375 0.4046875 0.007421875 0.0359375
2 0.62109375 0.39296875 0.0078125 0.034375
3 0.528515625 0.46328125 0.01328125 0.0453125
2 0.36015625 0.4388671875 0.009375 0.037109375
2 0.8921875 0.4798828125 0.0109375 0.053515625
2 0.9083984375 0.4927734375 0.012109375 0.048046875
2 0.5856250000000001 0.45730468750000003 0.008203125 0.040625
1 0.2779296875 0.4255859375 0.015234375 0.037109375
2 0.6982421875 0.4482421875 0.010546875 0.043359375
2 0.4775390625 0.52265625 0.012890625 0.05
3 0.92890625 0.81484375 0.01875 0.0859375
2 0.653125 0.5423828125 0.015625 0.053515625
0 0.27265625 0.4623046875 0.00625 0.012109375
3 0.5640625 0.3244140625 0.0078125 0.030078125
2 0.57890625 0.4033203125 0.0078125 0.041015625
2 0.893359375 0.445703125 0.01171875 0.04609375
5 0.2793125256631668 0.4128463063988459 0.27854288604104627 0.35706724584471583 0.33173643524153446 0.3393280229210524 0.33342512598945884 0.3891667798118431
4 0.466015625 0.3169921875 0.006859374999999999 0.024281249999999997