2 0.70625 0.34921875 0.0125 0.0390625
2 0.3 0.3873046875 0.0078125 0.041796875
2 0.1857421875 0.4015625 0.010546875 0.040625
2 0.3060546875 0.393359375 0.008984375 0.03984375
1 0.8703125 0.3890625 0.0109375 0.040625
2 0.6318359375 0.4224609375 0.008984375 0.041796875
2 0.7384765625 0.3826171875 0.008203125 0.037109375
2 0.7708984375 0.37734375 0.008984375 0.040625
2 0.1373046875 0.507421875 0.013671875 0.06015625
2 0.5517578125 0.550390625 0.016015625 0.05078125
2 0.8232421875 0.4583984375 0.008984375 0.046484375
3 0.6765625 0.375390625 0.009375 0.03984375
2 0.8408203125 0.4306640625 0.012890625 0.047265625
2 0.7171875 0.4298828125 0.009375 0.042578125
2 0.2861328125 0.3853515625 0.006640625 0.037890625
2 0.3205078125 0.451953125 0.011328125 0.04921875
2 0.5193359375 0.4185546875 0.012109375 0.048046875
2 0.1650390625 0.444921875 0.012890625 0.05078125
2 0.5837890625 0.393359375 0.008203125 0.03984375
2 0.4966796875 0.4521484375 0.008984375 0.048046875
2 0.1478515625 0.5478515625 0.019140625 0.062890625
3 0.166796875 0.350390625 0.00859375 0.03203125
2 0.773828125 0.3544921875 0.00859375 0.033984375
0 0.7787109375 0.3646484375 0.004296875 0.007421875
4 0.7321953125 0.3115234375 0.004578125000000001 0.0238203125
5 0.892599929124734 0.41050832047503505 0.8991966775583208 0.3415010096573395 0.981020248625286 0.3680701558165075 0.9735817716458597 0.45043450890992814