2 0.67109375 0.3654296875 0.0078125 0.027734375
2 0.5994140625 0.3947265625 0.009765625 0.033203125
2 0.6638671875 0.40390625 0.010546875 0.0375
2 0.92421875 0.4111328125 0.0078125 0.033203125
2 0.9697265625 0.4576171875 0.012890625 0.043359375
2 0.6498046875 0.446875 0.007421875 0.040625
2 0.3009765625 0.4841796875 0.012890625 0.043359375
2 0.5392578125 0.3796875 0.006640625 0.034375
2 0.4662109375 0.4177734375 0.008984375 0.041796875
2 0.971875 0.5025390625 0.0125 0.053515625
2 0.7125 0.412109375 0.0078125 0.03515625
2 0.9818359375 0.517578125 0.012109375 0.05078125
2 0.7947265625 0.394921875 0.006640625 0.03046875
3 0.5728515625 0.476953125 0.009765625 0.04921875
2 0.8927734375 0.4646484375 0.010546875 0.046484375
2 0.80234375 0.4857421875 0.0109375 0.048046875
2 0.6119140625 0.519140625 0.009765625 0.05078125
2 0.5904296875 0.569921875 0.019921875 0.05546875
2 0.775 0.584765625 0.0140625 0.06015625
0 0.232421875 0.4646484375 0.00546875 0.010546875
1 0.2154296875 0.449609375 0.012109375 0.04609375
3 0.5763671875 0.3166015625 0.007421875 0.028515625
2 0.6486328125 0.4294921875 0.009765625 0.038671875
2 0.945703125 0.423046875 0.01328125 0.04140625
4 0.511015625 0.31215625 0.004203125 0.0280390625
5 0.32864377704971137 0.4055066781938005 0.32792332220496045 0.35260940697813437 0.38018141302868047 0.33217997670825666 0.3825967164197265 0.38050765680248366
4 0.055265625 0.5213515625 0.01215625 0.039281250000000004