2 0.7240234375 0.2578125 0.008984375 0.0453125
2 0.7171875 0.261328125 0.009375 0.04453125
2 0.5869140625 0.2056640625 0.011328125 0.033203125
2 0.7515625 0.2845703125 0.009375 0.047265625
2 0.6138671875 0.2197265625 0.016796875 0.036328125
2 0.7822265625 0.3005859375 0.008203125 0.046484375
2 0.66015625 0.276953125 0.009375 0.05078125
3 0.515625 0.2357421875 0.0078125 0.041796875
2 0.5763671875 0.2412109375 0.010546875 0.041796875
2 0.7458984375 0.3228515625 0.008984375 0.053515625
2 0.4177734375 0.225390625 0.008984375 0.03984375
2 0.7619140625 0.324609375 0.009765625 0.05078125
2 0.6746953125 0.34765625 0.016796875 0.0546875
2 0.13984375 0.2951171875 0.0109375 0.052734375
2 0.1642578125 0.3671875 0.017578125 0.065625
2 0.4765625 0.307421875 0.0171875 0.04921875
2 0.4015625 0.2994140625 0.0140625 0.051953125
2 0.15703125 0.29453125 0.0109375 0.0546875
0 0.604296875 0.23515625 0.00546875 0.0109375
2 0.5765625 0.2064453125 0.0140625 0.037890625
1 0.80859375 0.2861328125 0.0140625 0.042578125
2 0.6603515625 0.257421875 0.014453125 0.04296875
4 0.5982968750000001 0.19235156250000002 0.0090078125 0.0341484375
5 0.8925204031977193 0.3232522649625776 0.8936579012499358 0.24805384655347665 0.8064312777866531 0.22163382982785912 0.8004294467371673 0.2896854037936105