0 0.4076171875 0.6279296875 0.007421875 0.012109375
2 0.7048828125 0.3076171875 0.008203125 0.037109375
2 0.40078125 0.36484375 0.009375 0.0453125
2 0.7583984375 0.380859375 0.008984375 0.04921875
2 0.80390625 0.4046875 0.0109375 0.05
2 0.4369140625 0.5224609375 0.012890625 0.062109375
2 0.4009765625 0.430859375 0.014453125 0.04921875
2 0.5291015625 0.309375 0.008203125 0.0390625
2 0.8927734375 0.540625 0.016796875 0.075
2 0.5890625 0.32265625 0.009375 0.040625
2 0.4224609375 0.3419921875 0.008984375 0.046484375
3 0.7265625 0.444140625 0.0125 0.06015625
2 0.81796875 0.42578125 0.0109375 0.059375
1 0.1041015625 0.401171875 0.011328125 0.05546875
3 0.0349609375 0.653515625 0.015234375 0.07421875
2 0.4162109375 0.5447265625 0.015234375 0.067578125
2 0.7240234375 0.6134765625 0.018359375 0.076953125
2 0.4685546875 0.67265625 0.029296875 0.0703125
2 0.8400390625 0.6248046875 0.016015625 0.082421875
2 0.4013671875 0.6751953125 0.018359375 0.083203125
2 0.2162109375 0.590234375 0.018359375 0.07578125
2 0.0947265625 0.6234375 0.025390625 0.0859375
3 0.8095703125 0.28125 0.011328125 0.0359375
2 0.761328125 0.3365234375 0.00859375 0.040234375
2 0.76796875 0.333984375 0.0078125 0.03984375
4 0.2521328125 0.2571015625 0.0085234375 0.0355078125
5 0.08096590909090909 0.28480113636363635 0.08593749999999997 0.35298295454545453 0.012784090909090906 0.38494318181818177 0.006392045454545453 0.31107954545454547