1 0.0990234375 0.383984375 0.012109375 0.04921875
0 0.3609375 0.5998046875 0.00625 0.012109375
2 0.76484375 0.3484375 0.0109375 0.034375
2 0.7974609375 0.38515625 0.013671875 0.040625
2 0.6587890625 0.52890625 0.012890625 0.0609375
2 0.4828125 0.3673828125 0.009375 0.042578125
2 0.6513671875 0.480078125 0.013671875 0.04921875
2 0.7322265625 0.6775390625 0.014453125 0.087890625
2 0.19375 0.55234375 0.0234375 0.0609375
2 0.51484375 0.6146484375 0.0234375 0.071484375
2 0.47734375 0.5302734375 0.0140625 0.066796875
2 0.4025390625 0.4037109375 0.014453125 0.046484375
2 0.8466796875 0.4744140625 0.012109375 0.058203125
2 0.2115234375 0.5873046875 0.024609375 0.066796875
2 0.5833984375 0.6345703125 0.015234375 0.076953125
3 0.5533203125 0.4595703125 0.014453125 0.053515625
2 0.4705078125 0.623828125 0.026953125 0.06953125
2 0.2863125 0.5589999999999999 0.015625 0.065625
2 0.95625 0.643359375 0.025 0.08046875
2 0.28553125 0.453515625 0.0203125 0.05078125
2 0.3169921875 0.5869140625 0.021484375 0.067578125
2 0.37986718750000004 0.4154296875 0.013671875 0.048046875
2 0.8154296875 0.6533203125 0.023046875 0.083203125
3 0.48828125 0.2876953125 0.0109375 0.034765625
4 0.2994765625 0.2760703125 0.005093749999999999 0.02609375
5 0.08646730965168621 0.383530867827373 0.06672820974629887 0.3801645920627216 0.06592274944906257 0.3288602540511604 0.0833744336044437 0.3277858237687988 0.14069650489285543 0.30562556726980195 0.14432108135141047 0.35921308372049005