2 0.8396484375 0.2423828125 0.010546875 0.042578125
2 0.8912109375 0.3431640625 0.012109375 0.033203125
2 0.8439453125 0.276171875 0.011328125 0.04453125
2 0.7154296875 0.305078125 0.010546875 0.05078125
0 0.3373046875 0.5708984375 0.007421875 0.012109375
2 0.409375 0.2412109375 0.009375 0.041796875
2 0.5044921875 0.3322265625 0.016796875 0.053515625
2 0.4931640625 0.287109375 0.011328125 0.05078125
1 0.0640625 0.31953125 0.0140625 0.0546875
2 0.8880859375 0.4333984375 0.015234375 0.057421875
2 0.4623046875 0.3572265625 0.013671875 0.058203125
2 0.8826171875 0.377734375 0.019921875 0.05546875
2 0.5240234375 0.4154296875 0.013671875 0.066796875
2 0.3326171875 0.3173828125 0.010546875 0.053515625
2 0.546875 0.3748046875 0.0125 0.057421875
2 0.740625 0.34175 0.0140625 0.0546875
2 0.5162109375 0.47734375 0.015234375 0.075
2 0.6111328125 0.61796875 0.030078125 0.0890625
2 0.6547734375 0.51015625 0.0234375 0.0703125
2 0.11336718750000001 0.53203125 0.01875 0.0890625
3 0.7115234375 0.381640625 0.015234375 0.06484375
2 0.3314453125 0.39375 0.012890625 0.0703125
2 0.3564453125 0.691015625 0.020703125 0.10078125
3 0.8953125 0.2279296875 0.0109375 0.046484375
5 0.048611111111111126 0.3055555555555556 0.041666666666666664 0.23003472222222227 0 0.24565972222222227 0.0017361111111111106 0.3298611111111111
4 0.2591171875 0.193578125 0.01128125 0.0416640625