2 0.1607421875 0.2423828125 0.010546875 0.042578125
2 0.1091796875 0.3431640625 0.012109375 0.033203125
2 0.1564453125 0.276171875 0.011328125 0.04453125
2 0.284921875 0.305078125 0.010546875 0.05078125
0 0.6623046875 0.5708984375 0.007421875 0.012109375
2 0.59140625 0.2412109375 0.009375 0.041796875
2 0.4951171875 0.3322265625 0.016796875 0.053515625
2 0.5064453125 0.287109375 0.011328125 0.05078125
1 0.93671875 0.31953125 0.0140625 0.0546875
2 0.1115234375 0.4333984375 0.015234375 0.057421875
2 0.5373046875 0.3572265625 0.013671875 0.058203125
2 0.1177734375 0.377734375 0.019921875 0.05546875
2 0.4763671875 0.4154296875 0.013671875 0.066796875
2 0.6669921875 0.3173828125 0.010546875 0.053515625
2 0.453125 0.3748046875 0.0125 0.057421875
2 0.26015625 0.34609375 0.0140625 0.0546875
2 0.4819140625 0.47734375 0.015234375 0.075
2 0.3884765625 0.61796875 0.030078125 0.0890625
2 0.34683593749999997 0.51015625 0.0234375 0.0703125
2 0.8875 0.53203125 0.01875 0.0890625
3 0.2880859375 0.381640625 0.015234375 0.06484375
2 0.6681640625 0.39375 0.012890625 0.0703125
2 0.6439453125 0.691015625 0.020703125 0.10078125
3 0.10546875 0.2279296875 0.0109375 0.046484375
4 0.7400546875 0.19635156250000002 0.006390625 0.0342734375
5 0.9512814395372793 0.29769382634533204 0.9571082096731466 0.22410255478143215 1 0.24270213484649847 0.9965214828786685 0.3193323848480772