2 0.52578125 0.2498046875 0.011328125 0.04921875
2 0.4330078125 0.2400390625 0.008203125 0.047265625
2 0.47109375 0.2537109375 0.0125 0.049609375
2 0.51640625 0.262890625 0.021875 0.05078125
2 0.5443359375 0.2373046875 0.013671875 0.046484375
2 0.59453125 0.2470703125 0.009375 0.051953125
2 0.3265625 0.25546875 0.009375 0.0546875
2 0.4486328125 0.2546875 0.009765625 0.040625
2 0.340625 0.2556640625 0.0109375 0.051953125
2 0.1380859375 0.2748046875 0.008984375 0.052734375
1 0.8576171875 0.26953125 0.015234375 0.0609375
2 0.58203125 0.297265625 0.0140625 0.05546875
2 0.6515625 0.27578125 0.0125 0.0546875
2 0.0826171875 0.2732421875 0.013671875 0.057421875
2 0.72578125 0.3154296875 0.015625 0.057421875
3 0.3578125 0.276171875 0.015625 0.05546875
2 0.1189453125 0.346484375 0.020703125 0.06484375
2 0.4388671875 0.2869140625 0.016796875 0.058203125
2 0.15234375 0.3466796875 0.0140625 0.066796875
2 0.4857421875 0.3859375 0.027734375 0.0640625
0 0.480078125 0.2716796875 0.00546875 0.010546875
2 0.46953125 0.210546875 0.0109375 0.03671875
2 0.47421875 0.2392578125 0.0140625 0.047265625
4 0.6311015624999999 0.174109375 0.0122890625 0.0407109375
5 0.9586002695472592 0.32365592373482127 0.960641559734654 0.23209636005826892 0.8619789497652484 0.20588788250111428 0.8606180809881808 0.28927854012510557