2 0.5927734375 0.6689453125 0.027734375 0.047265625
2 0.2390625 0.353515625 0.0125 0.04453125
3 0.975 0.6724609375 0.028125 0.077734375
2 0.28984375 0.3615234375 0.009375 0.043359375
2 0.5015625 0.3171875 0.009375 0.0390625
2 0.31953125 0.4171875 0.0109375 0.0546875
2 0.4337890625 0.3310546875 0.008203125 0.041796875
2 0.5935546875 0.3818359375 0.010546875 0.052734375
2 0.2078125 0.443359375 0.0109375 0.06015625
1 0.93984375 0.40546875 0.0125 0.0546875
2 0.1966796875 0.43359375 0.013671875 0.059375
3 0.3056640625 0.453515625 0.012890625 0.06015625
2 0.7369140625 0.5501953125 0.016015625 0.072265625
2 0.7537109375 0.467578125 0.021484375 0.05546875
2 0.671875 0.6337890625 0.0265625 0.078515625
2 0.1263671875 0.594921875 0.019921875 0.08046875
2 0.75078125 0.628125 0.0203125 0.0609375
2 0.584375 0.397265625 0.0125 0.05546875
2 0.9103515625 0.5900390625 0.022265625 0.078515625
2 0.8138671875 0.6669921875 0.018359375 0.087109375
2 0.29609375 0.63046875 0.0203125 0.0859375
2 0.1458984375 0.7119140625 0.023046875 0.092578125
0 0.7470703125 0.489453125 0.006640625 0.01328125
2 0.30703125 0.309765625 0.0125 0.03984375
3 0.2146484375 0.2779296875 0.008984375 0.035546875
4 0.7842109374999999 0.26160937500000003 0.0062578124999999995 0.026890625
5 0.9542706352247228 0.35120985292276596 0.9593590152860436 0.29422244065590375 1 0.31052126591109974 1 0.37394498193608944