0 0.5919921875 0.6279296875 0.007421875 0.012109375
2 0.2955078125 0.3076171875 0.008203125 0.037109375
2 0.6 0.36484375 0.009375 0.0453125
2 0.2419921875 0.380859375 0.008984375 0.04921875
2 0.19609375 0.4046875 0.0109375 0.05
2 0.5634765625 0.5224609375 0.012890625 0.062109375
2 0.5986328125 0.430859375 0.014453125 0.04921875
2 0.4705078125 0.309375 0.008203125 0.0390625
2 0.1076171875 0.540625 0.016796875 0.075
2 0.4109375 0.32265625 0.009375 0.040625
2 0.5779296875 0.3419921875 0.008984375 0.046484375
3 0.27421875 0.444140625 0.0125 0.06015625
2 0.1828125 0.42578125 0.0109375 0.059375
1 0.8955078125 0.401171875 0.011328125 0.05546875
3 0.9654296875 0.653515625 0.015234375 0.07421875
2 0.5833984375 0.5447265625 0.015234375 0.067578125
2 0.2755859375 0.6134765625 0.018359375 0.076953125
2 0.5318359375 0.67265625 0.029296875 0.0703125
2 0.1603515625 0.6248046875 0.016015625 0.082421875
2 0.5990234375 0.6751953125 0.018359375 0.083203125
2 0.7841796875 0.590234375 0.018359375 0.07578125
2 0.9056640625 0.6234375 0.025390625 0.0859375
3 0.1900390625 0.28125 0.011328125 0.0359375
2 0.239453125 0.3365234375 0.00859375 0.040234375
2 0.23203125 0.333984375 0.0078125 0.03984375
4 0.7476875 0.253515625 0.0076796875 0.0358515625
5 0.9040717913704241 0.3542007667080752 0.911695142147404 0.2835571317797748 0.9949488175635807 0.3118897712505682 0.9868547420882434 0.38994904874168757