2 0.2328125 0.276953125 0.009375 0.03984375
2 0.6263671875 0.314453125 0.010546875 0.04921875
2 0.34921875 0.2658203125 0.0109375 0.042578125
3 0.45802343749999996 0.3 0.008984375 0.05
2 0.6267578125 0.2623046875 0.009765625 0.041796875
2 0.7849609375 0.3984375 0.016796875 0.059375
2 0.6169921875 0.3126953125 0.016796875 0.047265625
2 0.5533750000000001 0.2636171875 0.010546875 0.040625
2 0.6599609375 0.36328125 0.021484375 0.0546875
2 0.7673828125 0.4109375 0.017578125 0.059375
2 0.6822265625 0.3798828125 0.016015625 0.028515625
2 0.5673828125 0.3080078125 0.019140625 0.047265625
2 0.0576171875 0.300390625 0.012109375 0.05078125
2 0.7654296875 0.329125 0.010546875 0.05078125
2 0.6443359375 0.3484375 0.018359375 0.0546875
2 0.23515625 0.3125 0.0140625 0.0546875
2 0.62578125 0.4544921875 0.025 0.066796875
2 0.4 0.3427734375 0.01875 0.057421875
2 0.0869140625 0.3949453125 0.012890625 0.066796875
2 0.4779296875 0.3490234375 0.010546875 0.057421875
2 0.5673828125 0.2888671875 0.011328125 0.044921875
0 0.6099609375 0.2681640625 0.004296875 0.008203125
1 0.993359375 0.31015625 0.01328125 0.05625
3 0.0775390625 0.2451171875 0.009765625 0.046484375
4 0.76225 0.21521875000000001 0.004734375 0.0265703125
5 0.9772561116559031 0.31793376354360886 0.9801112772946639 0.2548397337348223 0.9997880187646369 0.26077936866110696 1 0.3290003196806