2 0.8396484375 0.2423828125 0.010546875 0.042578125
2 0.8912109375 0.3431640625 0.012109375 0.033203125
2 0.8439453125 0.276171875 0.011328125 0.04453125
2 0.7154296875 0.305078125 0.010546875 0.05078125
0 0.3373046875 0.5708984375 0.007421875 0.012109375
2 0.409375 0.2412109375 0.009375 0.041796875
2 0.5044921875 0.3322265625 0.016796875 0.053515625
2 0.4931640625 0.287109375 0.011328125 0.05078125
1 0.0640625 0.31953125 0.0140625 0.0546875
2 0.8880859375 0.4333984375 0.015234375 0.057421875
2 0.4623046875 0.3572265625 0.013671875 0.058203125
2 0.8826171875 0.377734375 0.019921875 0.05546875
2 0.5240234375 0.4154296875 0.013671875 0.066796875
2 0.3326171875 0.3173828125 0.010546875 0.053515625
2 0.546875 0.3748046875 0.0125 0.057421875
2 0.740625 0.34609375 0.0140625 0.0546875
2 0.5162109375 0.47734375 0.015234375 0.075
2 0.6111328125 0.61796875 0.030078125 0.0890625
2 0.65390625 0.51015625 0.0234375 0.0703125
2 0.1125 0.53203125 0.01875 0.0890625
3 0.7115234375 0.381640625 0.015234375 0.06484375
2 0.3314453125 0.39375 0.012890625 0.0703125
2 0.3564453125 0.691015625 0.020703125 0.10078125
3 0.8953125 0.2279296875 0.0109375 0.046484375
4 0.26003906250000003 0.20023437500000002 0.006453125 0.02640625
5 0.053302892646030386 0.30469999787668306 0.04708702467868015 0.2254295234887261 0.0004949643440491036 0.2397671864412904 0.0009429583511605611 0.3253451530495699