2 0.4744140625 0.250390625 0.011328125 0.04921875
2 0.5666015625 0.2400390625 0.008203125 0.047265625
2 0.52890625 0.2537109375 0.0125 0.049609375
2 0.484375 0.262890625 0.021875 0.05078125
2 0.4560546875 0.2373046875 0.013671875 0.046484375
2 0.40625 0.2470703125 0.009375 0.051953125
2 0.6734375 0.25546875 0.009375 0.0546875
2 0.5509765625 0.2546875 0.009765625 0.040625
2 0.66015625 0.2556640625 0.0109375 0.051953125
2 0.8615234375 0.2748046875 0.008984375 0.052734375
1 0.1427734375 0.26953125 0.015234375 0.0609375
2 0.41875 0.297265625 0.0140625 0.05546875
2 0.34921875 0.27578125 0.0125 0.0546875
2 0.9177734375 0.2732421875 0.013671875 0.057421875
2 0.275 0.3154296875 0.015625 0.057421875
3 0.6421875 0.276171875 0.015625 0.05546875
2 0.8814453125 0.346484375 0.020703125 0.06484375
2 0.5615234375 0.2869140625 0.016796875 0.058203125
2 0.8484375 0.3466796875 0.0140625 0.066796875
2 0.5146484375 0.3859375 0.027734375 0.0640625
0 0.519921875 0.2716796875 0.00546875 0.010546875
2 0.53125 0.210546875 0.0109375 0.03671875
2 0.5265625 0.2392578125 0.0140625 0.047265625
4 0.36578125 0.17483593749999998 0.01590625 0.0397265625
5 0.03976631379247382 0.3238115413037736 0.038536301496795454 0.22918519760697825 0.13561201681539373 0.20301110275826023 0.14593921889630207 0.2870437451886361