2 0.35 0.284375 0.0140625 0.0359375
1 0.9259765625 0.312890625 0.009765625 0.04921875
2 0.3201171875 0.26953125 0.012109375 0.034375
2 0.70390625 0.2484375 0.0109375 0.0390625
2 0.2271484375 0.3169921875 0.010546875 0.046484375
2 0.3603515625 0.319921875 0.012890625 0.04921875
2 0.6505859375 0.31796875 0.012109375 0.0453125
2 0.2359375 0.344921875 0.0125 0.05078125
2 0.6248046875 0.31875 0.013671875 0.0390625
2 0.615625 0.2771484375 0.009375 0.043359375
2 0.8125 0.3146484375 0.009375 0.048046875
2 0.7541015625 0.350390625 0.012890625 0.05078125
2 0.6583984375 0.4302734375 0.012109375 0.057421875
2 0.1935546875 0.391796875 0.015234375 0.05546875
2 0.55234375 0.3744140625 0.0109375 0.053515625
2 0.5375 0.3748046875 0.0125 0.057421875
3 0.4009765625 0.3638671875 0.011328125 0.057421875
2 0.234375 0.5291015625 0.01875 0.076953125
2 0.8962890625 0.490234375 0.016015625 0.07578125
2 0.6060546875 0.6802734375 0.019921875 0.098046875
2 0.19609375 0.4794921875 0.0234375 0.068359375
3 0.193359375 0.2462890625 0.01171875 0.042578125
2 0.359765625 0.2466796875 0.01171875 0.037109375
0 0.663671875 0.3427734375 0.00546875 0.010546875
4 0.7779453125 0.2220859375 0.0085078125 0.026687499999999996
5 0.9662827379040454 0.33280547933581583 0.9759753062572882 0.2525660103167467 1 0.25473051622517145 0.9997821790101101 0.34044494689602023