2 0.7109375 0.2609375 0.009375 0.0390625
2 0.803125 0.290234375 0.009375 0.04453125
2 0.67890625 0.279296875 0.009375 0.03984375
2 0.79140625 0.3173828125 0.0109375 0.047265625
1 0.034375 0.3427734375 0.0125 0.048046875
0 0.1685546875 0.55859375 0.007421875 0.0109375
2 0.5568359375 0.2771484375 0.010546875 0.041796875
2 0.3818359375 0.301171875 0.008984375 0.04453125
2 0.5177734375 0.2673828125 0.008984375 0.042578125
2 0.8412109375 0.3744140625 0.012109375 0.056640625
2 0.8765625 0.609765625 0.0296875 0.07578125
2 0.41328125 0.2822265625 0.009375 0.047265625
2 0.8544921875 0.3556640625 0.012109375 0.056640625
2 0.7572265625 0.4205078125 0.017578125 0.062890625
3 0.7119140625 0.375 0.012890625 0.059375
2 0.6873046875 0.52109375 0.016796875 0.075
2 0.5716796875 0.391015625 0.016796875 0.05546875
2 0.5666015625 0.4857421875 0.016015625 0.062109375
2 0.3962890625 0.4359375 0.012890625 0.0640625
2 0.7234375 0.7822265625 0.028125 0.101953125
2 0.48515625 0.4353515625 0.01875 0.062890625
2 0.3158203125 0.4923828125 0.014453125 0.067578125
2 0.10390625 0.5236328125 0.0203125 0.076953125
4 0.2197109375 0.2248125 0.008687499999999999 0.028054687499999998
5 0.03414945059740325 0.32265354346084435 0.029852895292338488 0.2498356217850354 0.001062920856843569 0.2566412951034106 0.00001602939620800048 0.33673887794066487