2 0.28984375 0.2609375 0.009375 0.0390625
2 0.19765625 0.290234375 0.009375 0.04453125
2 0.321875 0.279296875 0.009375 0.03984375
2 0.209375 0.3173828125 0.0109375 0.047265625
1 0.965625 0.3427734375 0.0125 0.048046875
0 0.8318359375 0.55859375 0.007421875 0.0109375
2 0.4435546875 0.2771484375 0.010546875 0.041796875
2 0.6185546875 0.301171875 0.008984375 0.04453125
2 0.4818359375 0.2673828125 0.008984375 0.042578125
2 0.1583984375 0.3744140625 0.012109375 0.056640625
2 0.1249296875 0.609765625 0.0296875 0.07578125
2 0.5875 0.2822265625 0.009375 0.047265625
2 0.1458984375 0.3556640625 0.012109375 0.056640625
2 0.2423828125 0.4205078125 0.017578125 0.062890625
3 0.2884765625 0.375 0.012890625 0.059375
2 0.3130859375 0.52109375 0.016796875 0.075
2 0.4287109375 0.391015625 0.016796875 0.05546875
2 0.4330078125 0.4857421875 0.016015625 0.062109375
2 0.60403125 0.4359375 0.012890625 0.0640625
2 0.27734375 0.7822265625 0.028125 0.101953125
2 0.515625 0.4353515625 0.01875 0.062890625
2 0.6845703125 0.4923828125 0.014453125 0.067578125
2 0.896875 0.5236328125 0.0203125 0.076953125
4 0.78203125 0.22239843750000002 0.0088515625 0.0302109375
5 0.9973958333333334 0.2614583333333333 0.9838541666666666 0.25729166666666664 0.9776041666666668 0.3234375 0.9973958333333334 0.334375 0.9984375 0.2619791666666666