2 0.2763671875 0.2578125 0.008984375 0.0453125
2 0.28359375 0.261328125 0.009375 0.04453125
2 0.4126953125 0.2056640625 0.011328125 0.033203125
2 0.24921875 0.2845703125 0.009375 0.047265625
2 0.3857421875 0.2197265625 0.016796875 0.036328125
2 0.2173828125 0.3005859375 0.008203125 0.046484375
2 0.340625 0.276953125 0.009375 0.05078125
3 0.48515625 0.2357421875 0.0078125 0.041796875
2 0.4240234375 0.2412109375 0.010546875 0.041796875
2 0.2544921875 0.3228515625 0.008984375 0.053515625
2 0.5818359375 0.225390625 0.008984375 0.03984375
2 0.2376953125 0.324609375 0.009765625 0.05078125
2 0.3263671875 0.34765625 0.016796875 0.0546875
2 0.8609375 0.2951171875 0.0109375 0.052734375
2 0.8353515625 0.3671875 0.017578125 0.065625
2 0.52421875 0.307421875 0.0171875 0.04921875
2 0.59921875 0.2994140625 0.0140625 0.051953125
2 0.84375 0.29453125 0.0109375 0.0546875
0 0.395703125 0.23515625 0.00546875 0.0109375
2 0.42421875 0.2064453125 0.0140625 0.037890625
1 0.1921875 0.2861328125 0.0140625 0.042578125
2 0.3400390625 0.257421875 0.014453125 0.04296875
5 0.11171875 0.3296875 0.1078125 0.25 0.190625 0.22265625 0.19453125 0.30078125
4 0.402734375 0.19140625 0.00546875 0.040625