3 0.4599609375 0.24765625 0.008984375 0.025
2 0.1619140625 0.3423828125 0.006640625 0.033203125
0 0.4037109375 0.7109375 0.008984375 0.0109375
1 0.7365234375 0.35625 0.007421875 0.0359375
2 0.4263671875 0.292578125 0.007421875 0.03515625
3 0.0966796875 0.9849609375 0.013671875 0.027734375
2 0.5095703125 0.3095703125 0.009765625 0.033203125
2 0.4916015625 0.63984375 0.016015625 0.0640625
2 0.5912109375 0.378125 0.012109375 0.0390625
2 0.4984375 0.66015625 0.0171875 0.0609375
2 0.6333984375 0.4328125 0.012109375 0.040625
3 0.58828125 0.5197265625 0.0109375 0.051953125
2 0.5982421875 0.4857421875 0.013671875 0.052734375
2 0.178125 0.770703125 0.0125 0.06953125
2 0.5580078125 0.36953125 0.006640625 0.040625
2 0.4 0.408203125 0.009375 0.04453125
2 0.7615234375 0.7181640625 0.013671875 0.062890625
2 0.42265625 0.3984375 0.0140625 0.040625
2 0.1826171875 0.47265625 0.013671875 0.05
2 0.68984375 0.47578125 0.0140625 0.0453125
2 0.3306640625 0.5474609375 0.019140625 0.048046875
2 0.6771484375 0.5478515625 0.018359375 0.053515625
2 0.7462890625 0.6578125 0.016015625 0.0640625
2 0.624578125 0.6248046875 0.0171875 0.062109375
2 0.5904296875 0.501953125 0.012109375 0.05234375
5 0.7974968243993104 0.37390363319956543 0.8021481250126685 0.31659733908176585 0.745111318269469 0.2877380971608946 0.7431445128577263 0.3362741051724833
4 0.5988515624999999 0.2310390625 0.0069765625 0.026937499999999996