3 0.44453125 0.19140625 0.00625 0.034375
2 0.3443359375 0.33046875 0.013671875 0.0453125
2 0.82890625 0.53984375 0.0109375 0.0640625
2 0.2512421875 0.3686796875 0.0171875 0.04921875
2 0.4833984375 0.2306640625 0.007421875 0.031640625
2 0.3779296875 0.265625 0.008984375 0.0390625
2 0.3916015625 0.32109375 0.009765625 0.0453125
2 0.7607421875 0.289453125 0.008984375 0.03984375
2 0.2443359375 0.393359375 0.008984375 0.04921875
1 0.13046875 0.3146484375 0.0078125 0.046484375
2 0.4166015625 0.3380859375 0.012890625 0.046484375
2 0.7533203125 0.3642578125 0.009765625 0.051953125
2 0.3544921875 0.3142578125 0.015234375 0.047265625
2 0.4435546875 0.34609375 0.018359375 0.0453125
3 0.3560546875 0.412890625 0.013671875 0.05078125
2 0.7029296875 0.3779296875 0.015234375 0.048046875
2 0.1943359375 0.47116406250000004 0.013671875 0.06015625
2 0.4162109375 0.4288359375 0.012109375 0.05078125
2 0.3947265625 0.402734375 0.017578125 0.05078125
2 0.22025 0.6177734375 0.013671875 0.066796875
2 0.5697265625 0.437890625 0.009765625 0.05546875
0 0.480859375 0.2669921875 0.00546875 0.010546875
2 0.326953125 0.339453125 0.01328125 0.04765625
2 0.8275390625 0.4875 0.014453125 0.0625
5 0.05435196262606286 0.3661334910578925 0.04671047259351091 0.2927158108380588 0.1195119485226774 0.25604029451738747 0.1288057707231185 0.316477403802617
4 0.3006640625 0.18515625 0.0095546875 0.033515625