2 0.6287109375 0.2783203125 0.007421875 0.026953125
2 0.9052734375 0.4634765625 0.010546875 0.047265625
2 0.51953125 0.3021484375 0.009375 0.032421875
2 0.4 0.499609375 0.0125 0.04921875
1 0.24921875 0.3669921875 0.0109375 0.043359375
2 0.640625 0.3609375 0.0140625 0.0390625
2 0.8755859375 0.3173828125 0.007421875 0.028515625
2 0.3091796875 0.4984375 0.019921875 0.05
2 0.4677734375 0.3541015625 0.010546875 0.037890625
2 0.2744140625 0.5423828125 0.017578125 0.051953125
2 0.41015625 0.6556640625 0.0234375 0.062890625
2 0.4216796875 0.37421875 0.013671875 0.040625
2 0.4337890625 0.5353515625 0.019140625 0.056640625
2 0.6048828125 0.359375 0.012890625 0.040625
2 0.2609375 0.651171875 0.015625 0.06484375
2 0.2380859375 0.7259765625 0.021484375 0.062890625
2 0.7896484375 0.6123046875 0.012109375 0.057421875
2 0.3556640625 0.4826171875 0.019140625 0.052734375
2 0.7275390625 0.5181640625 0.011328125 0.051953125
3 0.4734375 0.4796875 0.015625 0.05
2 0.4306640625 0.630078125 0.023828125 0.05546875
2 0.3091796875 0.4822265625 0.010546875 0.045703125
0 0.4072265625 0.675390625 0.006640625 0.01484375
3 0.5552734375 0.2408203125 0.007421875 0.026953125
4 0.38578125 0.2239296875 0.0047265625 0.0199375
5 0.18530420121425978 0.367891532103651 0.18158801486770298 0.313093881408489 0.23616372760305762 0.2829524567012285 0.24233745118942593 0.33211755876485477