2 0.7974609375 0.6052734375 0.012109375 0.046484375
2 0.6845703125 0.4642578125 0.014453125 0.042578125
2 0.6626953125 0.412890625 0.008203125 0.03984375
2 0.709375 0.474609375 0.009375 0.04453125
2 0.5548828125 0.4455078125 0.008203125 0.042578125
0 0.5828125 0.6755859375 0.00625 0.012109375
2 0.225 0.4552734375 0.0125 0.057421875
2 0.5111328125 0.416796875 0.011328125 0.04453125
2 0.8017578125 0.6439453125 0.017578125 0.058203125
2 0.7880859375 0.5052734375 0.013671875 0.046484375
2 0.3103515625 0.5873046875 0.009765625 0.057421875
2 0.42890625 0.4970703125 0.0140625 0.053515625
3 0.203125 0.92265625 0.028125 0.0765625
3 0.5841796875 0.494921875 0.010546875 0.04921875
2 0.7802734375 0.652734375 0.016796875 0.06015625
2 0.22109375 0.71796875 0.01875 0.065625
2 0.62734375 0.6224609375 0.0171875 0.052734375
2 0.3955078125 0.3400390625 0.009765625 0.037890625
2 0.6076171875 0.64765625 0.024609375 0.0609375
2 0.8096484374999999 0.5963671875000001 0.0140625 0.046875
1 0.7486328125 0.348828125 0.012890625 0.03671875
2 0.553125 0.3453125 0.009375 0.0359375
2 0.6609375 0.4013671875 0.0109375 0.035546875
3 0.509765625 0.24765625 0.00859375 0.025
4 0.61465625 0.2392578125 0.0051953125 0.0216953125
5 0.7972832030850524 0.37295148249004556 0.800564118301128 0.32629026676760775 0.7536654327730947 0.2949443493293957 0.7482248394298768 0.3377560588198051