2 0.50078125 0.2728515625 0.00625 0.028515625
2 0.4177734375 0.3646484375 0.007421875 0.037109375
2 0.7009765625 0.3130859375 0.006640625 0.027734375
2 0.5521484375 0.37265625 0.008984375 0.0390625
2 0.465625 0.2962890625 0.0078125 0.031640625
2 0.5732421875 0.3625 0.008984375 0.034375
2 0.4056640625 0.3921875 0.008203125 0.0453125
1 0.2390625 0.3724609375 0.0125 0.041796875
2 0.709375 0.416015625 0.0078125 0.03984375
2 0.3962890625 0.4013671875 0.008203125 0.043359375
2 0.3724609375 0.4224609375 0.008984375 0.043359375
2 0.46953125 0.41015625 0.0078125 0.0390625
2 0.5373046875 0.428515625 0.012109375 0.03984375
2 0.3587890625 0.434765625 0.009765625 0.04453125
3 0.3986328125 0.4798828125 0.009765625 0.047265625
2 0.7287109375 0.51328125 0.015234375 0.0390625
2 0.37890625 0.5365234375 0.009375 0.052734375
2 0.2083984375 0.7521484375 0.015234375 0.062109375
2 0.7923828125 0.428125 0.014453125 0.0453125
2 0.3072265625 0.534375 0.012890625 0.05
3 0.8796875 0.973828125 0.01875 0.05234375
2 0.4890625 0.5982421875 0.015625 0.057421875
2 0.6939453125 0.6580078125 0.014453125 0.067578125
3 0.498046875 0.253515625 0.00703125 0.02734375
0 0.7416015625 0.48671875 0.005078125 0.009375
5 0.09369139166620821 0.41510271673141047 0.08502824226357027 0.3413580360387022 0.15992998658594937 0.2998840728215263 0.16860960428017838 0.36354178159558675
4 0.305046875 0.24549218750000001 0.007984375 0.025039062499999997