3 0.5404296875 0.24765625 0.008984375 0.025
2 0.8384765625 0.3423828125 0.006640625 0.033203125
0 0.5958984375 0.7109375 0.008984375 0.0109375
1 0.2638671875 0.35625 0.007421875 0.0359375
2 0.5732421875 0.292578125 0.007421875 0.03515625
3 0.9029296875 0.9849609375 0.013671875 0.027734375
2 0.4900390625 0.3095703125 0.009765625 0.033203125
2 0.5080078125 0.63984375 0.016015625 0.0640625
2 0.4083984375 0.378125 0.012109375 0.0390625
2 0.50234375 0.66015625 0.0171875 0.0609375
2 0.3669921875 0.4328125 0.012109375 0.040625
3 0.4125 0.5197265625 0.0109375 0.051953125
2 0.4021484375 0.4857421875 0.013671875 0.052734375
2 0.821875 0.770703125 0.0125 0.06953125
2 0.4416015625 0.36953125 0.006640625 0.040625
2 0.60078125 0.408203125 0.009375 0.04453125
2 0.2388671875 0.7181640625 0.013671875 0.062890625
2 0.57734375 0.3984375 0.0140625 0.040625
2 0.8169921875 0.47265625 0.013671875 0.05
2 0.3109375 0.47578125 0.0140625 0.0453125
2 0.6697265625 0.5474609375 0.019140625 0.048046875
2 0.3224609375 0.5478515625 0.018359375 0.053515625
2 0.2533203125 0.6578125 0.016015625 0.0640625
2 0.37734375 0.6248046875 0.0171875 0.062109375
2 0.4099609375 0.501953125 0.012109375 0.05234375
4 0.402046875 0.226265625 0.0108203125 0.030648437499999997
5 0.25300480769230765 0.2890625 0.25841346153846156 0.34194711538461536 0.20132211538461536 0.3828125 0.19651442307692307 0.3203125