2 0.32734375 0.2876953125 0.0078125 0.031640625
2 0.6380859375 0.36328125 0.008984375 0.0453125
2 0.4216796875 0.278515625 0.010546875 0.03046875
2 0.3845703125 0.2900390625 0.006640625 0.031640625
3 0.1078125 0.3166015625 0.009375 0.033203125
2 0.546875 0.2767578125 0.009375 0.028515625
2 0.50859375 0.2751953125 0.009375 0.031640625
2 0.5564453125 0.322265625 0.009765625 0.03515625
2 0.6388671875 0.3888671875 0.008984375 0.048046875
2 0.5923828125 0.319921875 0.008203125 0.03984375
1 0.8265625 0.351953125 0.009375 0.04453125
2 0.0875 0.4591796875 0.0078125 0.052734375
2 0.12890625 0.378515625 0.0109375 0.03984375
2 0.303125 0.3626953125 0.0125 0.042578125
2 0.5462890625 0.371875 0.009765625 0.0453125
3 0.4865234375 0.3193359375 0.008984375 0.037109375
2 0.68203125 0.424609375 0.0109375 0.05078125
2 0.0875 0.5314453125 0.0171875 0.053515625
2 0.46328125 0.4083984375 0.0109375 0.048046875
2 0.6171875 0.45859375 0.0109375 0.05
2 0.70078125 0.419921875 0.0125 0.04921875
2 0.2236328125 0.435546875 0.011328125 0.04921875
2 0.6279296875 0.622265625 0.013671875 0.06484375
0 0.5048828125 0.2802734375 0.003515625 0.005859375
4 0.6663828125 0.24206249999999999 0.0043515625 0.02375
5 0.9153759396884696 0.4069050256426209 0.9251932339434312 0.3317431816381691 0.843946489802104 0.2955165257574112 0.8395456141633911 0.3635684580944429