2 0.2021484375 0.6052734375 0.012109375 0.046484375
2 0.3150390625 0.4642578125 0.014453125 0.042578125
2 0.3369140625 0.412890625 0.008203125 0.03984375
2 0.290625 0.474609375 0.009375 0.04453125
2 0.4447265625 0.4455078125 0.008203125 0.042578125
0 0.41796875 0.6755859375 0.00625 0.012109375
2 0.77578125 0.4552734375 0.0125 0.057421875
2 0.4884765625 0.416796875 0.011328125 0.04453125
2 0.1978515625 0.6439453125 0.017578125 0.058203125
2 0.2123046875 0.5052734375 0.013671875 0.046484375
2 0.6900390625 0.5873046875 0.009765625 0.057421875
2 0.57109375 0.4970703125 0.0140625 0.053515625
3 0.79765625 0.92265625 0.028125 0.0765625
3 0.4162109375 0.494921875 0.010546875 0.04921875
2 0.2201171875 0.652734375 0.016796875 0.06015625
2 0.7796875 0.71796875 0.01875 0.065625
2 0.3734375 0.6224609375 0.0171875 0.052734375
2 0.6041015625 0.3400390625 0.009765625 0.037890625
2 0.3927734375 0.64765625 0.024609375 0.0609375
2 0.18984375 0.596875 0.0140625 0.046875
1 0.2509765625 0.348828125 0.012890625 0.03671875
2 0.44765625 0.3453125 0.009375 0.0359375
2 0.33984375 0.4013671875 0.0109375 0.035546875
3 0.490234375 0.24765625 0.00859375 0.025
5 0.2 0.37421875 0.19765625 0.3234375 0.24921875 0.29375 0.25546875 0.33984375
4 0.3859375 0.237109375 0.009375 0.02421875