0 0.7986328125 0.5109375 0.005078125 0.0109375
2 0.5552734375 0.3845703125 0.008984375 0.042578125
2 0.5140625 0.2826171875 0.00625 0.027734375
2 0.71796875 0.3208984375 0.0078125 0.032421875
2 0.4599609375 0.3060546875 0.010546875 0.032421875
2 0.41328125 0.3775390625 0.0078125 0.042578125
1 0.2251953125 0.3689453125 0.008203125 0.042578125
2 0.3955078125 0.390625 0.009765625 0.040625
2 0.82578125 0.4234375 0.0109375 0.0390625
2 0.3861328125 0.4427734375 0.011328125 0.048046875
2 0.3439453125 0.4755859375 0.011328125 0.052734375
2 0.3556640625 0.4294921875 0.006640625 0.043359375
2 0.5484375 0.4048828125 0.009375 0.042578125
2 0.4353515625 0.4630859375 0.008203125 0.043359375
2 0.1892578125 0.7478515625 0.014453125 0.062890625
2 0.6921875 0.4755859375 0.0109375 0.043359375
2 0.31640625 0.5517578125 0.0140625 0.058203125
2 0.5943359375 0.6779296875 0.015234375 0.071484375
3 0.39375 0.517578125 0.0125 0.05546875
2 0.39375 0.6392578125 0.0140625 0.062890625
2 0.5162109375 0.5083984375 0.010546875 0.057421875
2 0.7345703125 0.614453125 0.014453125 0.06015625
3 0.890625 0.97421875 0.021875 0.05
2 0.3109375 0.622265625 0.0171875 0.06484375
3 0.50859375 0.2505859375 0.009375 0.035546875
5 0.17826704545454547 0.35511363636363635 0.11718749999999997 0.4005681818181818 0.10866477272727271 0.33948863636363635 0.16832386363636362 0.3046875
4 0.3171171875 0.24112499999999998 0.006390625 0.0234375