2 0.7974609375 0.6052734375 0.012109375 0.046484375
2 0.6845703125 0.4642578125 0.014453125 0.042578125
2 0.6626953125 0.412890625 0.008203125 0.03984375
2 0.709375 0.474609375 0.009375 0.04453125
2 0.5548828125 0.4455078125 0.008203125 0.042578125
0 0.5828125 0.6755859375 0.00625 0.012109375
2 0.225 0.4552734375 0.0125 0.057421875
2 0.5111328125 0.416796875 0.011328125 0.04453125
2 0.8017578125 0.6439453125 0.017578125 0.058203125
2 0.7880859375 0.5052734375 0.013671875 0.046484375
2 0.3103515625 0.5873046875 0.009765625 0.057421875
2 0.4317421875 0.498359375 0.0104609375 0.050937500000000004
3 0.203125 0.92265625 0.028125 0.0765625
3 0.5841796875 0.494921875 0.010546875 0.04921875
2 0.7802734375 0.652734375 0.016796875 0.06015625
2 0.22109375 0.71796875 0.01875 0.065625
2 0.62734375 0.6224609375 0.0171875 0.052734375
2 0.3955078125 0.3400390625 0.009765625 0.037890625
2 0.6076171875 0.64765625 0.024609375 0.0609375
2 0.81015625 0.596875 0.0140625 0.046875
1 0.7486328125 0.348828125 0.012890625 0.03671875
2 0.553125 0.3453125 0.009375 0.0359375
2 0.6609375 0.4013671875 0.0109375 0.035546875
3 0.509765625 0.24765625 0.00859375 0.025
4 0.614078125 0.23597656250000001 0.005296875 0.024203125
5 0.8008429638701335 0.3808145038803066 0.8101052582329189 0.31597117080048887 0.7484754831368143 0.2835495110561205 0.7420631568614828 0.3373480928977201
2 0.425625 0.4938828125 0.013679687500000001 0.043078125