2 0.6734375 0.2876953125 0.0078125 0.031640625
2 0.3615234375 0.36328125 0.008984375 0.0453125
2 0.5779296875 0.278515625 0.010546875 0.03046875
2 0.6150390625 0.2900390625 0.006640625 0.031640625
3 0.8921875 0.3166015625 0.009375 0.033203125
2 0.45390625 0.2767578125 0.009375 0.028515625
2 0.4921875 0.2751953125 0.009375 0.031640625
2 0.4431640625 0.322265625 0.009765625 0.03515625
2 0.3615234375 0.3888671875 0.008984375 0.048046875
2 0.4072265625 0.319921875 0.008203125 0.03984375
1 0.1734375 0.351953125 0.009375 0.04453125
2 0.91328125 0.4591796875 0.0078125 0.052734375
2 0.871875 0.378515625 0.0109375 0.03984375
2 0.69765625 0.3626953125 0.0125 0.042578125
2 0.4541015625 0.371875 0.009765625 0.0453125
3 0.5130859375 0.3193359375 0.008984375 0.037109375
2 0.31796875 0.424609375 0.0109375 0.05078125
2 0.91328125 0.5314453125 0.0171875 0.053515625
2 0.5375 0.4083984375 0.0109375 0.048046875
2 0.3840546875 0.45859375 0.0109375 0.05
2 0.3 0.419921875 0.0125 0.04921875
2 0.7767578125 0.435546875 0.011328125 0.04921875
2 0.3716796875 0.622265625 0.013671875 0.06484375
0 0.4947265625 0.2802734375 0.003515625 0.005859375
5 0.08550347222222222 0.4010416666666667 0.07899305555555555 0.3359375 0.15147569444444448 0.3012152777777778 0.15581597222222224 0.36328125
4 0.3346328125 0.244140625 0.006078125 0.029078125