2 0.4888671875 0.3421875 0.008984375 0.0296875
2 0.6189453125 0.326953125 0.011328125 0.03046875
2 0.3330078125 0.4126953125 0.009765625 0.036328125
2 0.6373046875 0.501171875 0.010546875 0.04453125
2 0.6640625 0.428125 0.0078125 0.0359375
2 0.3908203125 0.3921875 0.008203125 0.0390625
2 0.3 0.4927734375 0.009375 0.046484375
2 0.7357421875 0.384375 0.010546875 0.034375
2 0.334375 0.46328125 0.0109375 0.0453125
2 0.3693359375 0.7068359375 0.018359375 0.066796875
2 0.2775390625 0.5205078125 0.009765625 0.042578125
2 0.5294921875 0.4587890625 0.010546875 0.047265625
3 0.3951171875 0.5013671875 0.010546875 0.043359375
1 0.1150390625 0.4125 0.012890625 0.040625
2 0.2302734375 0.7736328125 0.019921875 0.067578125
2 0.3685546875 0.6375 0.013671875 0.059375
2 0.2154296875 0.6775390625 0.013671875 0.058203125
2 0.6015625 0.7521484375 0.0171875 0.068359375
2 0.8283203125 0.5783203125 0.011328125 0.056640625
3 0.9740234375 0.8908203125 0.029296875 0.078515625
2 0.4931640625 0.58203125 0.012890625 0.059375
3 0.4044921875 0.2787109375 0.007421875 0.030859375
2 0.3892578125 0.38125 0.008203125 0.04375
2 0.332421875 0.4017578125 0.01015625 0.037890625
0 0.7291015625 0.4244140625 0.005078125 0.009765625
5 0.001041666666666652 0.3807291666666667 0.02760416666666664 0.3625 0.03541666666666664 0.4125 0 0.4416666666666667
4 0.1726953125 0.2857734375 0.0073984375000000005 0.0263125
4 0.9697812499999999 0.2952265625 0.0086328125 0.024671875