2 0.778125 0.4107421875 0.0078125 0.043359375
2 0.8099609375 0.3759765625 0.012109375 0.042578125
2 0.1173828125 0.453515625 0.016015625 0.04921875
2 0.8828125 0.487109375 0.015625 0.05390625
2 0.5876953125 0.35234375 0.008203125 0.0390625
2 0.7431640625 0.3958984375 0.006640625 0.043359375
2 0.7716796875 0.484375 0.013671875 0.059375
2 0.5701171875 0.4228515625 0.010546875 0.051953125
2 0.39609375 0.310546875 0.0078125 0.03984375
1 0.203125 0.3638671875 0.009375 0.043359375
3 0.6744140625 0.423046875 0.012890625 0.04921875
2 0.7458984375 0.49296875 0.008984375 0.0546875
2 0.58125 0.427734375 0.0078125 0.04921875
2 0.8736328125 0.540234375 0.016015625 0.06953125
2 0.8099609375 0.6474609375 0.015234375 0.073046875
2 0.54765625 0.66328125 0.0140625 0.075
2 0.8267578125 0.565625 0.011328125 0.065625
2 0.596875 0.5083984375 0.0171875 0.057421875
2 0.882421875 0.4697265625 0.01484375 0.053515625
2 0.8712890625 0.394140625 0.014453125 0.05078125
2 0.7970703125 0.3349609375 0.012890625 0.044921875
3 0.8673828125 0.303125 0.011328125 0.040625
2 0.675 0.3005859375 0.009375 0.035546875
0 0.1556640625 0.4654296875 0.005078125 0.010546875
4 0.34768750000000004 0.252671875 0.0056875 0.032296875
5 0.13186527858760475 0.37309491475274426 0.12387460323530523 0.3051663021009392 0.1957907645388636 0.2804649921885729 0.2016021673142591 0.34149176193002606