2 0.22265625 0.4107421875 0.0078125 0.043359375
2 0.1904296875 0.3759765625 0.012109375 0.042578125
2 0.8822265625 0.453515625 0.016015625 0.04921875
2 0.1171875 0.487109375 0.015625 0.05390625
2 0.4119140625 0.35234375 0.008203125 0.0390625
2 0.2572265625 0.3958984375 0.006640625 0.043359375
2 0.2287109375 0.484375 0.013671875 0.059375
2 0.4302734375 0.4228515625 0.010546875 0.051953125
2 0.60390625 0.310546875 0.0078125 0.03984375
1 0.796875 0.3638671875 0.009375 0.043359375
3 0.3259765625 0.423046875 0.012890625 0.04921875
2 0.2537109375 0.49296875 0.008984375 0.0546875
2 0.41953125 0.427734375 0.0078125 0.04921875
2 0.1259765625 0.540234375 0.016015625 0.06953125
2 0.1904296875 0.6474609375 0.015234375 0.073046875
2 0.45234375 0.66328125 0.0140625 0.075
2 0.1736328125 0.565625 0.011328125 0.065625
2 0.40390625 0.5083984375 0.0171875 0.057421875
2 0.117578125 0.4697265625 0.01484375 0.053515625
2 0.1291015625 0.394140625 0.014453125 0.05078125
2 0.2025390625 0.3349609375 0.012890625 0.044921875
3 0.1330078125 0.303125 0.011328125 0.040625
2 0.32578125 0.3005859375 0.009375 0.035546875
0 0.8447265625 0.4654296875 0.005078125 0.010546875
4 0.652703125 0.2553515625 0.0103984375 0.036867187499999995
5 0.8673512808136185 0.36267416233798394 0.8710301102495507 0.3058261209086995 0.8074837762198579 0.28270789386151957 0.8052618769027845 0.3351684749181866