2 0.6775390625 0.38984375 0.012890625 0.040625
2 0.6017578125 0.3669921875 0.014453125 0.032421875
2 0.7703125 0.449609375 0.0171875 0.04609375
2 0.7384765625 0.4328125 0.011328125 0.0546875
2 0.8037109375 0.4509765625 0.013671875 0.042578125
2 0.7150390625 0.4357421875 0.009765625 0.048046875
2 0.63828125 0.4052734375 0.0140625 0.043359375
3 0.5431640625 0.414453125 0.008203125 0.03984375
2 0.725 0.4541015625 0.0109375 0.047265625
2 0.53125 0.458203125 0.0125 0.05078125
2 0.275 0.5658203125 0.0125 0.067578125
2 0.3458984375 0.4271484375 0.008984375 0.048046875
2 0.2660234375 0.5644453125 0.010546875 0.067578125
2 0.596875 0.4734375 0.0140625 0.0546875
2 0.76875 0.501953125 0.009375 0.05546875
2 0.3037109375 0.42890625 0.015234375 0.05
2 0.4595703125 0.4744140625 0.017578125 0.056640625
2 0.4197265625 0.559375 0.012890625 0.0703125
0 0.7599609375 0.365234375 0.005859375 0.01171875
1 0.813671875 0.3681640625 0.01640625 0.042578125
2 0.770703125 0.4349609375 0.01796875 0.038671875
2 0.7224609375 0.410546875 0.012109375 0.04296875
2 0.5439453125 0.3921875 0.012890625 0.0375
3 0.221875 0.317578125 0.0078125 0.03359375
4 0.6494375 0.2898203125 0.00290625 0.0183984375
5 0.8535666343720543 0.3827661664016923 0.8558218037026515 0.33350347382895734 0.8001246505506922 0.31263151255159205 0.7982106589330811 0.3594498104603335