2 0.5123046875 0.3748046875 0.008984375 0.032421875
3 0.4876953125 0.4216796875 0.008203125 0.037109375
2 0.4560546875 0.38984375 0.008984375 0.0390625
2 0.7345703125 0.4599609375 0.011328125 0.048046875
2 0.7287109375 0.4326171875 0.010546875 0.046484375
2 0.6609375 0.4193359375 0.009375 0.043359375
2 0.7517578125 0.4537109375 0.011328125 0.046484375
2 0.2759765625 0.4388671875 0.009765625 0.046484375
2 0.6453125 0.4072265625 0.009375 0.042578125
2 0.5638671875 0.41015625 0.010546875 0.040625
2 0.23046875 0.4373046875 0.0078125 0.046484375
2 0.37109375 0.4841796875 0.0109375 0.052734375
2 0.5765625 0.4841796875 0.0125 0.048046875
2 0.415625 0.47421875 0.009375 0.05
2 0.56015625 0.483984375 0.0125 0.04921875
2 0.5376953125 0.4751953125 0.017578125 0.042578125
3 0.9447265625 0.5609375 0.022265625 0.0578125
2 0.6595703125 0.52578125 0.011328125 0.0546875
2 0.190625 0.5759765625 0.021875 0.062890625
2 0.2671875 0.6068359375 0.015625 0.071484375
2 0.3921875 0.580078125 0.01875 0.06484375
1 0.7775390625 0.375 0.011328125 0.0421875
2 0.7490234375 0.4361328125 0.010546875 0.042578125
0 0.5966796875 0.4873046875 0.007421875 0.013671875
3 0.1841796875 0.3306640625 0.010546875 0.033203125
4 0.6209374999999999 0.2922578125 0.0084921875 0.025062499999999998
5 0.7527229785930538 0.36639001290456424 0.7563146698864938 0.3129576859575874 0.8272502817822257 0.33361218939528164 0.8214137919936124 0.39377968274086506