2 0.4880859375 0.3748046875 0.008984375 0.032421875
3 0.5119140625 0.4216796875 0.008203125 0.037109375
2 0.5443359375 0.38984375 0.008984375 0.0390625
2 0.2658203125 0.4599609375 0.011328125 0.048046875
2 0.2716796875 0.4326171875 0.010546875 0.046484375
2 0.3390625 0.4193359375 0.009375 0.043359375
2 0.2486328125 0.4537109375 0.011328125 0.046484375
2 0.7236328125 0.4388671875 0.009765625 0.046484375
2 0.3546875 0.4072265625 0.009375 0.042578125
2 0.4357421875 0.41015625 0.010546875 0.040625
2 0.7703125 0.4373046875 0.0078125 0.046484375
2 0.62890625 0.4841796875 0.0109375 0.052734375
2 0.42421875 0.4841796875 0.0125 0.048046875
2 0.58515625 0.47421875 0.009375 0.05
2 0.440625 0.483984375 0.0125 0.04921875
2 0.4626953125 0.4751953125 0.017578125 0.042578125
3 0.0556640625 0.5609375 0.022265625 0.0578125
2 0.3408203125 0.52578125 0.011328125 0.0546875
2 0.809375 0.5759765625 0.021875 0.062890625
2 0.7328125 0.6068359375 0.015625 0.071484375
2 0.60859375 0.580078125 0.01875 0.06484375
1 0.2228515625 0.375 0.011328125 0.0421875
2 0.2513671875 0.4361328125 0.010546875 0.042578125
0 0.4037109375 0.4873046875 0.007421875 0.013671875
3 0.8162109375 0.3306640625 0.010546875 0.033203125
5 0.2400173611111111 0.31640625000000006 0.24088541666666669 0.36588541666666663 0.1857638888888889 0.3901909722222222 0.18229166666666666 0.3315972222222222
4 0.37977343750000003 0.29383593750000003 0.0086796875 0.021703125